0 -3.7494e-33 -3.7494e-33 6.12323e-17 
1 -3.59915e-17 -3.03333e-33 4.9538e-17 
3 -2.91177e-17 -2.91177e-17 0.475528 
2 -3.03333e-33 -3.59915e-17 0.587785 
4 -3.59915e-17 -3.59915e-17 4.9538e-17 
5 -0.345492 -2.91177e-17 4.00771e-17 
7 -0.289797 -0.289797 0.395843 
6 -2.91177e-17 -0.345492 0.475528 
8 -5.82354e-17 -1.15863e-33 1.89218e-17 
9 -4.71134e-17 -1.1122e-17 0.181636 
10 -0.559017 -1.1122e-17 1.53081e-17 
11 -0.468902 -0.111816 0.151872 
12 -5.82354e-17 1.15863e-33 -1.89218e-17 
13 -4.71134e-17 1.1122e-17 -0.181636 
14 -0.559017 1.1122e-17 -1.53081e-17 
15 -0.468902 0.111816 -0.151872 
16 -3.59915e-17 3.03333e-33 -4.9538e-17 
17 -2.91177e-17 2.91177e-17 -0.475528 
18 -0.345492 2.91177e-17 -4.00771e-17 
19 -0.289797 0.289797 -0.395843 
20 -3.7494e-33 3.7494e-33 -6.12323e-17 
21 -3.03333e-33 3.59915e-17 -0.587785 
22 -3.59915e-17 3.59915e-17 -4.9538e-17 
23 -2.91177e-17 0.345492 -0.475528 
25 -1.1122e-17 -4.71134e-17 0.769421 
24 -1.15863e-33 -5.82354e-17 0.951057 
27 -0.111816 -0.468902 0.640488 
26 -1.1122e-17 -0.559017 0.769421 
28 -1.79957e-17 -1.79957e-17 0.293893 
29 -0.180921 -0.180921 0.245734 
30 -1.79957e-17 1.79957e-17 -0.293893 
31 -0.180921 0.180921 -0.245734 
32 -1.1122e-17 4.71134e-17 -0.769421 
33 -0.111816 0.468902 -0.640488 
34 -1.15863e-33 5.82354e-17 -0.951057 
35 -1.1122e-17 0.559017 -0.769421 
37 1.1122e-17 -4.71134e-17 0.769421 
36 1.15863e-33 -5.82354e-17 0.951057 
39 0.111816 -0.468902 0.640488 
38 1.1122e-17 -0.559017 0.769421 
40 1.79957e-17 -1.79957e-17 0.293893 
41 0.180921 -0.180921 0.245734 
42 1.79957e-17 1.79957e-17 -0.293893 
43 0.180921 0.180921 -0.245734 
44 1.1122e-17 4.71134e-17 -0.769421 
45 0.111816 0.468902 -0.640488 
46 1.15863e-33 5.82354e-17 -0.951057 
47 1.1122e-17 0.559017 -0.769421 
49 2.91177e-17 -2.91177e-17 0.475528 
48 3.03333e-33 -3.59915e-17 0.587785 
51 0.289797 -0.289797 0.395843 
50 2.91177e-17 -0.345492 0.475528 
52 4.71134e-17 -1.1122e-17 0.181636 
53 0.468902 -0.111816 0.151872 
54 4.71134e-17 1.1122e-17 -0.181636 
55 0.468902 0.111816 -0.151872 
56 2.91177e-17 2.91177e-17 -0.475528 
57 0.289797 0.289797 -0.395843 
58 3.03333e-33 3.59915e-17 -0.587785 
59 2.91177e-17 0.345492 -0.475528 
61 3.59915e-17 -3.03333e-33 4.9538e-17 
60 3.7494e-33 -3.7494e-33 6.12323e-17 
63 0.345492 -2.91177e-17 4.00771e-17 
62 3.59915e-17 -3.59915e-17 4.9538e-17 
64 5.82354e-17 -1.15863e-33 1.89218e-17 
65 0.559017 -1.1122e-17 1.53081e-17 
66 5.82354e-17 1.15863e-33 -1.89218e-17 
67 0.559017 1.1122e-17 -1.53081e-17 
68 3.59915e-17 3.03333e-33 -4.9538e-17 
69 0.345492 2.91177e-17 -4.00771e-17 
70 3.7494e-33 3.7494e-33 -6.12323e-17 
71 3.59915e-17 3.59915e-17 -4.9538e-17 
72 -5.82354e-17 -5.82354e-17 1.89218e-17 
73 -0.559017 -4.71134e-17 1.53081e-17 
75 -0.468902 -0.468902 0.151872 
74 -4.71134e-17 -0.559017 0.181636 
76 -0.904508 -1.79957e-17 5.84717e-18 
77 -0.758699 -0.180921 0.0584981 
78 -0.904508 1.79957e-17 -5.84717e-18 
79 -0.758699 0.180921 -0.0584981 
80 -0.559017 4.71134e-17 -1.53081e-17 
81 -0.468902 0.468902 -0.151872 
82 -5.82354e-17 5.82354e-17 -1.89218e-17 
83 -4.71134e-17 0.559017 -0.181636 
85 -0.180921 -0.758699 0.245734 
84 -1.79957e-17 -0.904508 0.293893 
86 -0.292737 -0.292737 0.0946519 
87 -0.292737 0.292737 -0.0946519 
88 -0.180921 0.758699 -0.245734 
89 -1.79957e-17 0.904508 -0.293893 
91 0.180921 -0.758699 0.245734 
90 1.79957e-17 -0.904508 0.293893 
92 0.292737 -0.292737 0.0946519 
93 0.292737 0.292737 -0.0946519 
94 0.180921 0.758699 -0.245734 
95 1.79957e-17 0.904508 -0.293893 
97 0.468902 -0.468902 0.151872 
96 4.71134e-17 -0.559017 0.181636 
98 0.758699 -0.180921 0.0584981 
99 0.758699 0.180921 -0.0584981 
100 0.468902 0.468902 -0.151872 
101 4.71134e-17 0.559017 -0.181636 
103 0.559017 -4.71134e-17 1.53081e-17 
102 5.82354e-17 -5.82354e-17 1.89218e-17 
104 0.904508 -1.79957e-17 5.84717e-18 
105 0.904508 1.79957e-17 -5.84717e-18 
106 0.559017 4.71134e-17 -1.53081e-17 
107 5.82354e-17 5.82354e-17 -1.89218e-17 
108 -5.82354e-17 -5.82354e-17 -1.89218e-17 
109 -0.559017 -4.71134e-17 -1.53081e-17 
111 -0.468902 -0.468902 -0.151872 
110 -4.71134e-17 -0.559017 -0.181636 
112 -0.904508 -1.79957e-17 -5.84717e-18 
113 -0.758699 -0.180921 -0.0584981 
114 -0.904508 1.79957e-17 5.84717e-18 
115 -0.758699 0.180921 0.0584981 
116 -0.559017 4.71134e-17 1.53081e-17 
117 -0.468902 0.468902 0.151872 
118 -5.82354e-17 5.82354e-17 1.89218e-17 
119 -4.71134e-17 0.559017 0.181636 
121 -0.180921 -0.758699 -0.245734 
120 -1.79957e-17 -0.904508 -0.293893 
122 -0.292737 -0.292737 -0.0946519 
123 -0.292737 0.292737 0.0946519 
124 -0.180921 0.758699 0.245734 
125 -1.79957e-17 0.904508 0.293893 
127 0.180921 -0.758699 -0.245734 
126 1.79957e-17 -0.904508 -0.293893 
128 0.292737 -0.292737 -0.0946519 
129 0.292737 0.292737 0.0946519 
130 0.180921 0.758699 0.245734 
131 1.79957e-17 0.904508 0.293893 
133 0.468902 -0.468902 -0.151872 
132 4.71134e-17 -0.559017 -0.181636 
134 0.758699 -0.180921 -0.0584981 
135 0.758699 0.180921 0.0584981 
136 0.468902 0.468902 0.151872 
137 4.71134e-17 0.559017 0.181636 
139 0.559017 -4.71134e-17 -1.53081e-17 
138 5.82354e-17 -5.82354e-17 -1.89218e-17 
140 0.904508 -1.79957e-17 -5.84717e-18 
141 0.904508 1.79957e-17 5.84717e-18 
142 0.559017 4.71134e-17 1.53081e-17 
143 5.82354e-17 5.82354e-17 1.89218e-17 
144 -3.59915e-17 -3.59915e-17 -4.9538e-17 
145 -0.345492 -2.91177e-17 -4.00771e-17 
147 -0.289797 -0.289797 -0.395843 
146 -2.91177e-17 -0.345492 -0.475528 
148 -0.559017 -1.1122e-17 -1.53081e-17 
149 -0.468902 -0.111816 -0.151872 
150 -0.559017 1.1122e-17 1.53081e-17 
151 -0.468902 0.111816 0.151872 
152 -0.345492 2.91177e-17 4.00771e-17 
153 -0.289797 0.289797 0.395843 
154 -3.59915e-17 3.59915e-17 4.9538e-17 
155 -2.91177e-17 0.345492 0.475528 
157 -0.111816 -0.468902 -0.640488 
156 -1.1122e-17 -0.559017 -0.769421 
158 -0.180921 -0.180921 -0.245734 
159 -0.180921 0.180921 0.245734 
160 -0.111816 0.468902 0.640488 
161 -1.1122e-17 0.559017 0.769421 
163 0.111816 -0.468902 -0.640488 
162 1.1122e-17 -0.559017 -0.769421 
164 0.180921 -0.180921 -0.245734 
165 0.180921 0.180921 0.245734 
166 0.111816 0.468902 0.640488 
167 1.1122e-17 0.559017 0.769421 
169 0.289797 -0.289797 -0.395843 
168 2.91177e-17 -0.345492 -0.475528 
170 0.468902 -0.111816 -0.151872 
171 0.468902 0.111816 0.151872 
172 0.289797 0.289797 0.395843 
173 2.91177e-17 0.345492 0.475528 
175 0.345492 -2.91177e-17 -4.00771e-17 
174 3.59915e-17 -3.59915e-17 -4.9538e-17 
176 0.559017 -1.1122e-17 -1.53081e-17 
177 0.559017 1.1122e-17 1.53081e-17 
178 0.345492 2.91177e-17 4.00771e-17 
179 3.59915e-17 3.59915e-17 4.9538e-17 
180 -3.7494e-33 -3.7494e-33 -6.12323e-17 
181 -3.59915e-17 -3.03333e-33 -4.9538e-17 
183 -2.91177e-17 -2.91177e-17 -0.475528 
182 -3.03333e-33 -3.59915e-17 -0.587785 
184 -5.82354e-17 -1.15863e-33 -1.89218e-17 
185 -4.71134e-17 -1.1122e-17 -0.181636 
186 -5.82354e-17 1.15863e-33 1.89218e-17 
187 -4.71134e-17 1.1122e-17 0.181636 
188 -3.59915e-17 3.03333e-33 4.9538e-17 
189 -2.91177e-17 2.91177e-17 0.475528 
190 -3.7494e-33 3.7494e-33 6.12323e-17 
191 -3.03333e-33 3.59915e-17 0.587785 
193 -1.1122e-17 -4.71134e-17 -0.769421 
192 -1.15863e-33 -5.82354e-17 -0.951057 
194 -1.79957e-17 -1.79957e-17 -0.293893 
195 -1.79957e-17 1.79957e-17 0.293893 
196 -1.1122e-17 4.71134e-17 0.769421 
197 -1.15863e-33 5.82354e-17 0.951057 
199 1.1122e-17 -4.71134e-17 -0.769421 
198 1.15863e-33 -5.82354e-17 -0.951057 
200 1.79957e-17 -1.79957e-17 -0.293893 
201 1.79957e-17 1.79957e-17 0.293893 
202 1.1122e-17 4.71134e-17 0.769421 
203 1.15863e-33 5.82354e-17 0.951057 
205 2.91177e-17 -2.91177e-17 -0.475528 
204 3.03333e-33 -3.59915e-17 -0.587785 
206 4.71134e-17 -1.1122e-17 -0.181636 
207 4.71134e-17 1.1122e-17 0.181636 
208 2.91177e-17 2.91177e-17 0.475528 
209 3.03333e-33 3.59915e-17 0.587785 
211 3.59915e-17 -3.03333e-33 -4.9538e-17 
210 3.7494e-33 -3.7494e-33 -6.12323e-17 
212 5.82354e-17 -1.15863e-33 -1.89218e-17 
213 5.82354e-17 1.15863e-33 1.89218e-17 
214 3.59915e-17 3.03333e-33 4.9538e-17 
215 3.7494e-33 3.7494e-33 6.12323e-17 
