#Even Moments 216 4
0.0200024430816 -0.00278457857678 E 1 1 2 4 #
0.0211997209927 -0.00307664676831 E 2 0 3 5 8 #
0.0191343989471 -0.00257487899533 E 2 0 3 4 24 6 #
0.0207198837446 -0.00295754606956 E 4 1 2 7 9 5 25 #
0.0198966186058 -0.00275961749887 E 2 0 5 6 72 #
0.0217956096972 -0.00322482319366 E 4 1 4 7 10 73 #
0.0189207568767 -0.00251658992166 E 4 2 4 7 26 72 74 #
0.0225245209858 -0.00339542970292 E 8 3 5 6 11 27 75 73 #
0.0223650031302 -0.00336212133034 E 2 1 9 10 12 #
0.0221395964962 -0.00330389655376 E 4 8 3 11 13 10 28 #
0.0233702046138 -0.00361284267462 E 4 8 5 11 14 76 #
0.0239375557803 -0.00375084941055 E 8 9 10 7 15 29 77 76 #
0.0223650086202 -0.00336212264911 E 2 8 13 14 16 #
0.0221396021568 -0.0033038980459 E 4 12 9 15 17 14 30 #
0.0233702137229 -0.00361284530332 E 4 12 10 15 18 78 #
0.0239375637599 -0.00375085222082 E 8 13 14 11 19 31 79 78 #
0.0211997354689 -0.00307665053092 E 2 12 17 18 20 #
0.0207199025845 -0.00295755111717 E 4 16 13 19 21 18 32 #
0.0217956363408 -0.00322483051716 E 4 16 14 19 22 80 #
0.0225245435793 -0.0033954355724 E 8 17 18 15 23 33 81 80 #
0.0200024639178 -0.00278458079822 E 1 16 21 22 #
0.0191344317746 -0.00257488676807 E 2 20 17 23 34 #
0.0198966654344 -0.00275963064997 E 2 20 18 23 82 #
0.0189208015337 -0.00251660062469 E 4 21 22 19 35 83 #
0.0166904548682 -0.00198643366968 E 2 2 25 6 36 26 #
0.0193479819809 -0.0026170190105 E 4 3 24 27 28 7 37 #
0.0155088970657 -0.00168556065804 E 4 24 6 27 38 74 84 #
0.0211753309347 -0.00302663974108 E 8 25 7 26 29 39 85 75 #
0.0215457329045 -0.00314795608577 E 4 9 25 29 30 11 40 #
0.0236330188374 -0.00365347021018 E 8 28 11 27 31 41 86 77 #
0.0215457346848 -0.00314795541799 E 4 13 28 31 32 15 42 #
0.0236330164798 -0.00365346798995 E 8 30 15 29 33 43 87 79 #
0.019347974171 -0.00261701056307 E 4 17 30 33 34 19 44 #
0.0211753362127 -0.00302664106071 E 8 32 19 31 35 45 88 81 #
0.0166904576364 -0.0019864316062 E 2 21 32 35 46 #
0.0155089150636 -0.00168556747916 E 4 34 23 33 47 89 #
0.0166904561683 -0.0019864312178 E 2 24 37 26 48 38 #
0.01934798451 -0.00261701821414 E 4 25 36 39 40 27 49 #
0.0155088983912 -0.0016855589242 E 4 36 26 39 50 84 90 #
0.0211753314837 -0.00302663808693 E 8 37 27 38 41 51 91 85 #
0.0215457372439 -0.00314795716949 E 4 28 37 41 42 29 52 #
0.0236330295628 -0.00365347674374 E 8 40 29 39 43 53 92 86 #
0.0215457393852 -0.00314795955558 E 4 30 40 43 44 31 54 #
0.0236330192361 -0.00365347100139 E 8 42 31 41 45 55 93 87 #
0.0193479871652 -0.00261702268044 E 4 32 42 45 46 33 56 #
0.0211753190706 -0.00302663360859 E 8 44 33 43 47 57 94 88 #
0.0166904625922 -0.00198644184594 E 2 34 44 47 58 #
0.015508880105 -0.00168555216435 E 4 46 35 45 59 95 #
0.019134432285 -0.00257488636554 E 2 36 49 38 60 50 #
0.0207199069674 -0.00295755173606 E 4 37 48 51 52 39 61 #
0.0189207855649 -0.00251659170406 E 4 48 38 51 62 90 96 #
0.0225245405687 -0.00339543341986 E 8 49 39 50 53 63 97 91 #
0.0221396105875 -0.00330390128741 E 4 40 49 53 54 41 64 #
0.0239375671123 -0.00375085398902 E 8 52 41 51 55 65 98 92 #
0.0221396021393 -0.00330390035486 E 4 42 52 55 56 43 66 #
0.023937558683 -0.00375085203896 E 8 54 43 53 57 67 99 93 #
0.0207198716432 -0.00295754350386 E 4 44 54 57 58 45 68 #
0.0225245187472 -0.00339542944432 E 8 56 45 55 59 69 100 94 #
0.0191343756125 -0.00257487207091 E 2 46 56 59 70 #
0.0189207626277 -0.00251659268861 E 4 58 47 57 71 101 #
0.0200024919853 -0.00278458449462 E 1 48 61 50 #
0.0211997615401 -0.00307665322613 E 2 49 60 63 64 51 #
0.0198966882401 -0.00275963057207 E 2 60 50 63 96 #
0.0217956542562 -0.00322483065448 E 4 61 51 62 65 103 97 #
0.022365024098 -0.0033621255417 E 2 52 61 65 66 53 #
0.0233702224698 -0.0036128463 E 4 64 53 63 67 104 98 #
0.0223650004246 -0.0033621213987 E 2 54 64 67 68 55 #
0.023370198711 -0.00361284094218 E 4 66 55 65 69 105 99 #
0.0211996863498 -0.00307663930394 E 2 56 66 69 70 57 #
0.0217955815892 -0.00322481598707 E 4 68 57 67 71 106 100 #
0.0200023881353 -0.00278456717829 E 1 58 68 71 #
0.0198965826121 -0.00275960664663 E 2 70 59 69 107 #
0.0208066951983 -0.00298160148582 E 2 4 73 74 108 #
0.024942845896 -0.00400390392698 E 4 5 72 75 76 109 #
0.0191610776785 -0.00255791964666 E 4 6 72 75 84 108 110 #
0.0307720126163 -0.00543935009557 E 8 7 73 74 77 85 111 109 #
0.028076777741 -0.00478593397661 E 4 10 73 77 78 112 #
0.0333888858745 -0.00611950551888 E 8 11 76 75 79 86 113 112 #
0.0280767780345 -0.00478593315387 E 4 14 76 79 80 114 #
0.0333888766449 -0.00611949973392 E 8 15 78 77 81 87 115 114 #
0.0249428383897 -0.0040038960823 E 4 18 78 81 82 116 #
0.0307720097781 -0.00543934759346 E 8 19 80 79 83 88 117 116 #
0.0208067047456 -0.00298160094202 E 2 22 80 83 118 #
0.0191610837656 -0.00255792163547 E 4 23 82 81 89 119 #
0.0132612853055 -0.00111220541465 E 4 26 74 85 90 110 120 #
0.0260649544387 -0.00412377853241 E 8 27 75 84 86 91 121 111 #
0.0318738136685 -0.00566005158407 E 8 29 77 85 87 92 122 113 #
0.0318738092948 -0.00566004941854 E 8 31 79 86 88 93 123 115 #
0.0260649395095 -0.00412377106309 E 8 33 81 87 89 94 124 117 #
0.013261272641 -0.0011121996714 E 4 35 83 88 95 125 #
0.0132612916859 -0.00111220854627 E 4 38 84 91 96 120 126 #
0.0260649713294 -0.00412378688155 E 8 39 85 90 92 97 127 121 #
0.0318738294449 -0.005660060572 E 8 41 86 91 93 98 128 122 #
0.031873813596 -0.0056600540595 E 8 43 87 92 94 99 129 123 #
0.0260649530176 -0.00412378445813 E 8 45 88 93 95 100 130 124 #
0.0132612680724 -0.00111219994773 E 4 47 89 94 101 131 #
0.0191611039578 -0.00255793162402 E 4 50 90 97 102 126 132 #
0.0307720280323 -0.00543935456753 E 8 51 91 96 98 103 133 127 #
0.0333888787801 -0.00611950249905 E 8 53 92 97 99 104 134 128 #
0.0333888655361 -0.00611949799566 E 8 55 93 98 100 105 135 129 #
0.0307719846009 -0.00543934016737 E 8 57 94 99 101 106 136 130 #
0.0191610524219 -0.00255791273316 E 4 59 95 100 107 137 #
0.0208067214976 -0.00298160564171 E 2 62 96 103 132 #
0.0249428676893 -0.00400390984246 E 4 63 97 102 104 139 133 #
0.0280767956632 -0.00478594331948 E 4 65 98 103 105 140 134 #
0.0280767838224 -0.00478594141523 E 4 67 99 104 106 141 135 #
0.0249428338171 -0.00400390592715 E 4 69 100 105 107 142 136 #
0.0208066775704 -0.00298160322078 E 2 71 101 106 143 #
0.0208067104012 -0.00298160691482 E 2 72 109 110 144 #
0.0249428458777 -0.00400390045908 E 4 73 108 111 112 145 #
0.019161086711 -0.0025579248921 E 4 74 108 111 120 144 146 #
0.0307720231605 -0.00543935541895 E 8 75 109 110 113 121 147 145 #
0.0280767793184 -0.00478593120033 E 4 76 109 113 114 148 #
0.0333888951883 -0.00611950922433 E 8 77 112 111 115 122 149 148 #
0.0280767726179 -0.00478592756631 E 4 78 112 115 116 150 #
0.0333888857086 -0.00611950349929 E 8 79 114 113 117 123 151 150 #
0.0249428322301 -0.00400389245459 E 4 80 114 117 118 152 #
0.0307720154747 -0.00543935068604 E 8 81 116 115 119 124 153 152 #
0.0208066921698 -0.0029815953348 E 2 82 116 119 154 #
0.0191610856597 -0.00255792455142 E 4 83 118 117 125 155 #
0.0132612760644 -0.00111219983527 E 4 84 110 121 126 146 156 #
0.0260649562568 -0.00412377870106 E 8 85 111 120 122 127 157 147 #
0.0318738190904 -0.00566005209609 E 8 86 113 121 123 128 158 149 #
0.0318738167296 -0.0056600519139 E 8 87 115 122 124 129 159 151 #
0.0260649472945 -0.00412377656692 E 8 88 117 123 125 130 160 153 #
0.0132612720855 -0.00111220102636 E 4 89 119 124 131 161 #
0.0132612784186 -0.00111220152853 E 4 90 120 127 132 156 162 #
0.026064960293 -0.00412377981066 E 8 91 121 126 128 133 163 157 #
0.0318738181349 -0.00566005076529 E 8 92 122 127 129 134 164 158 #
0.0318738148908 -0.00566004955865 E 8 93 123 128 130 135 165 159 #
0.0260649627608 -0.00412378341296 E 8 94 124 129 131 136 166 160 #
0.0132612758907 -0.00111220210657 E 4 95 125 130 137 167 #
0.01916109228 -0.00255792706722 E 4 96 126 133 138 162 168 #
0.0307720292363 -0.00543936010368 E 8 97 127 132 134 139 169 163 #
0.0333888902514 -0.00611951045242 E 8 98 128 133 135 140 170 164 #
0.033388884032 -0.00611950834782 E 8 99 129 134 136 141 171 165 #
0.0307720037672 -0.00543935261232 E 8 100 130 135 137 142 172 166 #
0.0191610680296 -0.00255792216676 E 4 101 131 136 143 173 #
0.0208067082652 -0.0029816039857 E 2 102 132 139 168 #
0.0249428515216 -0.00400390404559 E 4 103 133 138 140 175 169 #
0.0280767858194 -0.00478593897135 E 4 104 134 139 141 176 170 #
0.0280767798938 -0.00478593868064 E 4 105 135 140 142 177 171 #
0.02494283962 -0.00400390704601 E 4 106 136 141 143 178 172 #
0.0208066870008 -0.00298160376427 E 2 107 137 142 179 #
0.0198966496364 -0.00275962292165 E 2 108 145 146 180 #
0.0217956225457 -0.00322482244608 E 4 109 144 147 148 181 #
0.0189207778943 -0.00251659101479 E 4 110 144 147 156 180 182 #
0.022524533993 -0.00339543101618 E 8 111 145 146 149 157 183 181 #
0.0233702115091 -0.003612842966 E 4 112 145 149 150 184 #
0.0239375605952 -0.0037508494545 E 8 113 148 147 151 158 185 184 #
0.0233702030842 -0.00361284035134 E 4 114 148 151 152 186 #
0.0239375559162 -0.0037508489739 E 8 115 150 149 153 159 187 186 #
0.0217956043751 -0.00322481996468 E 4 116 150 153 154 188 #
0.0225245179544 -0.00339542742578 E 8 117 152 151 155 160 189 188 #
0.0198966238467 -0.00275961868122 E 2 118 152 155 190 #
0.0189207565677 -0.00251658730994 E 4 119 154 153 161 191 #
0.0155089060943 -0.00168556112757 E 4 120 146 157 162 182 192 #
0.0211753367853 -0.00302663907117 E 8 121 147 156 158 163 193 183 #
0.0236330359262 -0.00365347892589 E 8 122 149 157 159 164 194 185 #
0.023633032528 -0.00365347885196 E 8 123 151 158 160 165 195 187 #
0.0211753248316 -0.00302664082795 E 8 124 153 159 161 166 196 189 #
0.0155088876827 -0.00168556167371 E 4 125 155 160 167 197 #
0.0155089038287 -0.00168555908842 E 4 126 156 163 168 192 198 #
0.0211753396595 -0.00302663978651 E 8 127 157 162 164 169 199 193 #
0.0236330327932 -0.0036534764723 E 8 128 158 163 165 170 200 194 #
0.0236330316794 -0.00365347854722 E 8 129 159 164 166 171 201 195 #
0.0211753235797 -0.00302663901955 E 8 130 160 165 167 172 202 196 #
0.0155088883658 -0.00168556069613 E 4 131 161 166 173 203 #
0.0189207798169 -0.00251659036447 E 4 132 162 169 174 198 204 #
0.0225245308624 -0.00339542910772 E 8 133 163 168 170 175 205 199 #
0.0239375563902 -0.00375084773728 E 8 134 164 169 171 176 206 200 #
0.023937548542 -0.00375084521295 E 8 135 165 170 172 177 207 201 #
0.0225245113772 -0.00339542588983 E 8 136 166 171 173 178 208 202 #
0.0189207504713 -0.00251658499413 E 4 137 167 172 179 209 #
0.0198966471428 -0.00275962049796 E 2 138 168 175 204 #
0.0217956222342 -0.00322482238502 E 4 139 169 174 176 211 205 #
0.0233702063698 -0.00361284060722 E 4 140 170 175 177 212 206 #
0.0233701997718 -0.00361283914263 E 4 141 171 176 178 213 207 #
0.0217956018812 -0.00322481928228 E 4 142 172 177 179 214 208 #
0.0198966130042 -0.00275961346126 E 2 143 173 178 215 #
0.0200024609486 -0.00278457723124 E 1 144 181 182 #
0.0211997361985 -0.0030766465513 E 2 145 180 183 184 #
0.0191344175941 -0.00257487386569 E 2 146 180 183 192 #
0.0207199068468 -0.00295754988509 E 4 147 181 182 185 193 #
0.0223650083833 -0.00336211995001 E 2 148 181 185 186 #
0.0221396103531 -0.00330390116013 E 4 149 184 183 187 194 #
0.0223650015505 -0.00336212110522 E 2 150 184 187 188 #
0.0221396034029 -0.00330390178855 E 4 151 186 185 189 195 #
0.0211997092044 -0.00307664626657 E 2 152 186 189 190 #
0.020719879954 -0.00295754998231 E 4 153 188 187 191 196 #
0.0200024236094 -0.00278457637955 E 1 154 188 191 #
0.0191343900047 -0.00257488105794 E 2 155 190 189 197 #
0.0166904724934 -0.00198643543287 E 2 156 182 193 198 #
0.019348003705 -0.0026170246013 E 4 157 183 192 194 199 #
0.0215457470056 -0.00314796098812 E 4 158 185 193 195 200 #
0.0215457396112 -0.0031479612391 E 4 159 187 194 196 201 #
0.0193479778891 -0.00261702356324 E 4 160 189 195 197 202 #
0.016690441773 -0.00198643602313 E 2 161 191 196 203 #
0.0166904788677 -0.00198643776388 E 2 162 192 199 204 #
0.0193480036286 -0.00261702331959 E 4 163 193 198 200 205 #
0.021545751393 -0.00314796207183 E 4 164 194 199 201 206 #
0.0215457419343 -0.00314796091099 E 4 165 195 200 202 207 #
0.0193479755387 -0.00261702093247 E 4 166 196 201 203 208 #
0.016690442094 -0.0019864354373 E 2 167 197 202 209 #
0.0191344354446 -0.00257488512635 E 2 168 198 205 210 #
0.0207199110948 -0.00295755140314 E 4 169 199 204 206 211 #
0.0221396113576 -0.00330390080837 E 4 170 200 205 207 212 #
0.0221396002104 -0.00330389887379 E 4 171 201 206 208 213 #
0.020719872773 -0.00295754435099 E 4 172 202 207 209 214 #
0.0191343822445 -0.00257487492358 E 2 173 203 208 215 #
0.0200024739507 -0.00278458168787 E 1 174 204 211 #
0.0211997467428 -0.00307665065737 E 2 175 205 210 212 #
0.022365015247 -0.00336212312541 E 2 176 206 211 213 #
0.0223650022424 -0.00336212072372 E 2 177 207 212 214 #
0.0211997033811 -0.00307664283536 E 2 178 208 213 215 #
0.0200024146652 -0.00278457166518 E 1 179 209 214 #
#Odd Moments 1000 4
-1.28316424136e+30 3.18288523913e+29 
-1.65345653966e+30 4.34691847781e+29 
-1.29518117848e+14 3.06605893036e+13 
-1.69482108329e+14 4.35308900598e+13 
-1.331554861e+14 3.28603786513e+13 
-1.75677327004e+14 4.74648308442e+13 
-0.0133988601941 0.0031217512705 
-0.0180973124701 0.0050213846819 
-1.65345653966e+30 4.34691847781e+29 
-4.49979298324e+30 1.24363381001e+30 
-1.69482108329e+14 4.35308900598e+13 
-4.654989698e+14 1.27311533747e+14 
-1.75677327004e+14 4.74648308442e+13 
-4.8386249153e+14 1.3921638726e+14 
-0.0180973124701 0.0050213846819 
-0.0489969061539 0.0143764084413 
-4.49979298324e+30 1.24363381001e+30 
-4.49979380388e+30 1.24363429782e+30 
-4.654989698e+14 1.27311533747e+14 
-4.65499050013e+14 1.27311591245e+14 
-4.8386249153e+14 1.3921638726e+14 
-4.83862606967e+14 1.39216488553e+14 
-0.0489969061539 0.0143764084413 
-0.0489969131868 0.0143764192127 
-4.49979380388e+30 1.24363429782e+30 
-1.65345730351e+30 4.3469237939e+29 
-4.65499050013e+14 1.27311591245e+14 
-1.69482208436e+14 4.35309643534e+13 
-4.83862606967e+14 1.39216488553e+14 
-1.75677464338e+14 4.74649386357e+13 
-0.0489969131868 0.0143764192127 
-0.0180973249552 0.00502139336206 
-1.65345730351e+30 4.3469237939e+29 
-1.28316569878e+30 3.18288777833e+29 
-1.69482208436e+14 4.35309643534e+13 
-1.29518277905e+14 3.06606818581e+13 
-1.75677464338e+14 4.74649386357e+13 
-1.33155676206e+14 3.28605352491e+13 
-0.0180973249552 0.00502139336206 
-0.0133988826269 0.00312176454728 
-1.29518117848e+14 3.06605893036e+13 
-1.69482108329e+14 4.35308900598e+13 
-7.27941197918e+13 1.4618745347e+13 
-9.98578722133e+13 2.38059362334e+13 
-0.0133988601941 0.0031217512705 
-0.0180973124701 0.0050213846819 
-0.00723757111247 0.00129223824397 
-0.0107499724595 0.00276631632639 
-1.69482108329e+14 4.35308900598e+13 
-4.654989698e+14 1.27311533747e+14 
-9.98578722133e+13 2.38059362334e+13 
-2.82471045915e+14 7.4969106406e+13 
-0.0180973124701 0.0050213846819 
-0.0489969061539 0.0143764084413 
-0.0107499724595 0.00276631632639 
-0.0300794951536 0.00865443468561 
-4.654989698e+14 1.27311533747e+14 
-4.65499050013e+14 1.27311591245e+14 
-2.82471045915e+14 7.4969106406e+13 
-2.8247110363e+14 7.49690905025e+13 
-0.0489969061539 0.0143764084413 
-0.0489969131868 0.0143764192127 
-0.0300794951536 0.00865443468561 
-0.0300794989907 0.00865442942618 
-4.65499050013e+14 1.27311591245e+14 
-1.69482208436e+14 4.35309643534e+13 
-2.8247110363e+14 7.49690905025e+13 
-9.98579364907e+13 2.38058593907e+13 
-0.0489969131868 0.0143764192127 
-0.0180973249552 0.00502139336206 
-0.0300794989907 0.00865442942618 
-0.0107499743352 0.00276631753249 
-1.69482208436e+14 4.35309643534e+13 
-1.29518277905e+14 3.06606818581e+13 
-9.98579364907e+13 2.38058593907e+13 
-7.27941592594e+13 1.46187301612e+13 
-0.0180973249552 0.00502139336206 
-0.0133988826269 0.00312176454728 
-0.0107499743352 0.00276631753249 
-0.00723757370968 0.0012922434734 
-7.27941197918e+13 1.4618745347e+13 
-9.98578722133e+13 2.38059362334e+13 
-7.27941553026e+13 1.46187273029e+13 
-9.98579013762e+13 2.38059289892e+13 
-0.00723757111247 0.00129223824397 
-0.0107499724595 0.00276631632639 
-0.00723757397056 0.00129223691472 
-0.0107499752016 0.00276631481453 
-9.98578722133e+13 2.38059362334e+13 
-2.82471045915e+14 7.4969106406e+13 
-9.98579013762e+13 2.38059289892e+13 
-2.82471086146e+14 7.49691322147e+13 
-0.0107499724595 0.00276631632639 
-0.0300794951536 0.00865443468561 
-0.0107499752016 0.00276631481453 
-0.0300794908395 0.00865445016258 
-2.82471045915e+14 7.4969106406e+13 
-2.8247110363e+14 7.49690905025e+13 
-2.82471086146e+14 7.49691322147e+13 
-2.82471037415e+14 7.49691890399e+13 
-0.0300794951536 0.00865443468561 
-0.0300794989907 0.00865442942618 
-0.0300794908395 0.00865445016258 
-0.030079492972 0.00865443655966 
-2.8247110363e+14 7.49690905025e+13 
-9.98579364907e+13 2.38058593907e+13 
-2.82471037415e+14 7.49691890399e+13 
-9.98578569625e+13 2.38059696173e+13 
-0.0300794989907 0.00865442942618 
-0.0107499743352 0.00276631753249 
-0.030079492972 0.00865443655966 
-0.0107499727444 0.00276631072135 
-9.98579364907e+13 2.38058593907e+13 
-7.27941592594e+13 1.46187301612e+13 
-9.98578569625e+13 2.38059696173e+13 
-7.27940704034e+13 1.46188055185e+13 
-0.0107499743352 0.00276631753249 
-0.00723757370968 0.0012922434734 
-0.0107499727444 0.00276631072135 
-0.00723757112838 0.00129223173227 
-7.27941553026e+13 1.46187273029e+13 
-9.98579013762e+13 2.38059289892e+13 
-1.29518290089e+14 3.0660677065e+13 
-1.69482244442e+14 4.35309734627e+13 
-0.00723757397056 0.00129223691472 
-0.0107499752016 0.00276631481453 
-0.0133988844335 0.00312175348152 
-0.0180973264443 0.00502139017877 
-9.98579013762e+13 2.38059289892e+13 
-2.82471086146e+14 7.49691322147e+13 
-1.69482244442e+14 4.35309734627e+13 
-4.65499108385e+14 1.27311716153e+14 
-0.0107499752016 0.00276631481453 
-0.0300794908395 0.00865445016258 
-0.0180973264443 0.00502139017877 
-0.0489969126387 0.0143764259901 
-2.82471086146e+14 7.49691322147e+13 
-2.82471037415e+14 7.49691890399e+13 
-4.65499108385e+14 1.27311716153e+14 
-4.65498911086e+14 1.27311680218e+14 
-0.0300794908395 0.00865445016258 
-0.030079492972 0.00865443655966 
-0.0489969126387 0.0143764259901 
-0.0489968991358 0.0143764185155 
-2.82471037415e+14 7.49691890399e+13 
-9.98578569625e+13 2.38059696173e+13 
-4.65498911086e+14 1.27311680218e+14 
-1.69482028538e+14 4.35308522963e+13 
-0.030079492972 0.00865443655966 
-0.0107499727444 0.00276631072135 
-0.0489968991358 0.0143764185155 
-0.0180973104898 0.00502138429939 
-9.98578569625e+13 2.38059696173e+13 
-7.27940704034e+13 1.46188055185e+13 
-1.69482028538e+14 4.35308522963e+13 
-1.29518029996e+14 3.06605068504e+13 
-0.0107499727444 0.00276631072135 
-0.00723757112838 0.00129223173227 
-0.0180973104898 0.00502138429939 
-0.0133988604037 0.00312175470282 
-1.29518290089e+14 3.0660677065e+13 
-1.69482244442e+14 4.35309734627e+13 
-1.28316753682e+30 3.18289200346e+29 
-1.65345957612e+30 4.3469276019e+29 
-0.0133988844335 0.00312175348152 
-0.0180973264443 0.00502139017877 
-1.33155888863e+14 3.28605343216e+13 
-1.75677666286e+14 4.74649406569e+13 
-1.69482244442e+14 4.35309734627e+13 
-4.65499108385e+14 1.27311716153e+14 
-1.65345957612e+30 4.3469276019e+29 
-4.49979659241e+30 1.24363536778e+30 
-0.0180973264443 0.00502139017877 
-0.0489969126387 0.0143764259901 
-1.75677666286e+14 4.74649406569e+13 
-4.83862809376e+14 1.39216526959e+14 
-4.65499108385e+14 1.27311716153e+14 
-4.65498911086e+14 1.27311680218e+14 
-4.49979659241e+30 1.24363536778e+30 
-4.49979216549e+30 1.2436338353e+30 
-0.0489969126387 0.0143764259901 
-0.0489968991358 0.0143764185155 
-4.83862809376e+14 1.39216526959e+14 
-4.83862418464e+14 1.39216320502e+14 
-4.65498911086e+14 1.27311680218e+14 
-1.69482028538e+14 4.35308522963e+13 
-4.49979216549e+30 1.2436338353e+30 
-1.65345437327e+30 4.34690793158e+29 
-0.0489968991358 0.0143764185155 
-0.0180973104898 0.00502138429939 
-4.83862418464e+14 1.39216320502e+14 
-1.75677170229e+14 4.74647247733e+13 
-1.69482028538e+14 4.35308522963e+13 
-1.29518029996e+14 3.06605068504e+13 
-1.65345437327e+30 4.34690793158e+29 
-1.28316138318e+30 3.1828722102e+29 
-0.0180973104898 0.00502138429939 
-0.0133988604037 0.00312175470282 
-1.75677170229e+14 4.74647247733e+13 
-1.33155353762e+14 3.28602494274e+13 
-1.331554861e+14 3.28603786513e+13 
-1.75677327004e+14 4.74648308442e+13 
-0.0133988601941 0.0031217512705 
-0.0180973124701 0.0050213846819 
-8.49625724087e+13 2.19424758615e+13 
-1.19817456378e+14 3.6421852951e+13 
-0.00837496207717 0.00196103390089 
-0.0141417691486 0.00497150776485 
-1.75677327004e+14 4.74648308442e+13 
-4.8386249153e+14 1.3921638726e+14 
-0.0180973124701 0.0050213846819 
-0.0489969061539 0.0143764084413 
-1.19817456378e+14 3.6421852951e+13 
-3.42764765165e+14 1.13977826808e+14 
-0.0141417691486 0.00497150776485 
-0.0389669546724 0.0144960428784 
-4.8386249153e+14 1.3921638726e+14 
-4.83862606967e+14 1.39216488553e+14 
-0.0489969061539 0.0143764084413 
-0.0489969131868 0.0143764192127 
-3.42764765165e+14 1.13977826808e+14 
-3.4276480108e+14 1.13977807214e+14 
-0.0389669546724 0.0144960428784 
-0.0389669589837 0.0144960291746 
-4.83862606967e+14 1.39216488553e+14 
-1.75677464338e+14 4.74649386357e+13 
-0.0489969131868 0.0143764192127 
-0.0180973249552 0.00502139336206 
-3.4276480108e+14 1.13977807214e+14 
-1.19817514274e+14 3.64217815912e+13 
-0.0389669589837 0.0144960291746 
-0.0141417706884 0.00497150547795 
-1.75677464338e+14 4.74649386357e+13 
-1.33155676206e+14 3.28605352491e+13 
-0.0180973249552 0.00502139336206 
-0.0133988826269 0.00312176454728 
-1.19817514274e+14 3.64217815912e+13 
-8.49626332814e+13 2.19424718596e+13 
-0.0141417706884 0.00497150547795 
-0.00837496333507 0.00196103542561 
-0.0133988601941 0.0031217512705 
-0.0180973124701 0.0050213846819 
-0.00723757111247 0.00129223824397 
-0.0107499724595 0.00276631632639 
-0.00837496207717 0.00196103390089 
-0.0141417691486 0.00497150776485 
-0.00406735610575 0.00052698174191 
-0.00782804414197 0.0023294253793 
-0.0180973124701 0.0050213846819 
-0.0489969061539 0.0143764084413 
-0.0107499724595 0.00276631632639 
-0.0300794951536 0.00865443468561 
-0.0141417691486 0.00497150776485 
-0.0389669546724 0.0144960428784 
-0.00782804414197 0.0023294253793 
-0.0234040630633 0.00828639979916 
-0.0489969061539 0.0143764084413 
-0.0489969131868 0.0143764192127 
-0.0300794951536 0.00865443468561 
-0.0300794989907 0.00865442942618 
-0.0389669546724 0.0144960428784 
-0.0389669589837 0.0144960291746 
-0.0234040630633 0.00828639979916 
-0.0234040630146 0.00828639662873 
-0.0489969131868 0.0143764192127 
-0.0180973249552 0.00502139336206 
-0.0300794989907 0.00865442942618 
-0.0107499743352 0.00276631753249 
-0.0389669589837 0.0144960291746 
-0.0141417706884 0.00497150547795 
-0.0234040630146 0.00828639662873 
-0.00782804414619 0.00232942116008 
-0.0180973249552 0.00502139336206 
-0.0133988826269 0.00312176454728 
-0.0107499743352 0.00276631753249 
-0.00723757370968 0.0012922434734 
-0.0141417706884 0.00497150547795 
-0.00837496333507 0.00196103542561 
-0.00782804414619 0.00232942116008 
-0.00406735567161 0.000526979020662 
-0.00723757111247 0.00129223824397 
-0.0107499724595 0.00276631632639 
-0.00723757397056 0.00129223691472 
-0.0107499752016 0.00276631481453 
-0.00406735610575 0.00052698174191 
-0.00782804414197 0.0023294253793 
-0.00406735614892 0.000526983225727 
-0.00782804422651 0.00232943009553 
-0.0107499724595 0.00276631632639 
-0.0300794951536 0.00865443468561 
-0.0107499752016 0.00276631481453 
-0.0300794908395 0.00865445016258 
-0.00782804414197 0.0023294253793 
-0.0234040630633 0.00828639979916 
-0.00782804422651 0.00232943009553 
-0.0234040605589 0.00828641295763 
-0.0300794951536 0.00865443468561 
-0.0300794989907 0.00865442942618 
-0.0300794908395 0.00865445016258 
-0.030079492972 0.00865443655966 
-0.0234040630633 0.00828639979916 
-0.0234040630146 0.00828639662873 
-0.0234040605589 0.00828641295763 
-0.0234040573431 0.00828640342316 
-0.0300794989907 0.00865442942618 
-0.0107499743352 0.00276631753249 
-0.030079492972 0.00865443655966 
-0.0107499727444 0.00276631072135 
-0.0234040630146 0.00828639662873 
-0.00782804414619 0.00232942116008 
-0.0234040573431 0.00828640342316 
-0.00782803831066 0.00232942872659 
-0.0107499743352 0.00276631753249 
-0.00723757370968 0.0012922434734 
-0.0107499727444 0.00276631072135 
-0.00723757112838 0.00129223173227 
-0.00782804414619 0.00232942116008 
-0.00406735567161 0.000526979020662 
-0.00782803831066 0.00232942872659 
-0.0040673537843 0.000526979151593 
-0.00723757397056 0.00129223691472 
-0.0107499752016 0.00276631481453 
-0.0133988844335 0.00312175348152 
-0.0180973264443 0.00502139017877 
-0.00406735614892 0.000526983225727 
-0.00782804422651 0.00232943009553 
-0.0083749634633 0.00196104308335 
-0.0141417737496 0.0049715118522 
-0.0107499752016 0.00276631481453 
-0.0300794908395 0.00865445016258 
-0.0180973264443 0.00502139017877 
-0.0489969126387 0.0143764259901 
-0.00782804422651 0.00232943009553 
-0.0234040605589 0.00828641295763 
-0.0141417737496 0.0049715118522 
-0.0389669527291 0.014496035725 
-0.0300794908395 0.00865445016258 
-0.030079492972 0.00865443655966 
-0.0489969126387 0.0143764259901 
-0.0489968991358 0.0143764185155 
-0.0234040605589 0.00828641295763 
-0.0234040573431 0.00828640342316 
-0.0389669527291 0.014496035725 
-0.0389669449217 0.014496025057 
-0.030079492972 0.00865443655966 
-0.0107499727444 0.00276631072135 
-0.0489968991358 0.0143764185155 
-0.0180973104898 0.00502138429939 
-0.0234040573431 0.00828640342316 
-0.00782803831066 0.00232942872659 
-0.0389669449217 0.014496025057 
-0.0141417633485 0.00497149869056 
-0.0107499727444 0.00276631072135 
-0.00723757112838 0.00129223173227 
-0.0180973104898 0.00502138429939 
-0.0133988604037 0.00312175470282 
-0.00782803831066 0.00232942872659 
-0.0040673537843 0.000526979151593 
-0.0141417633485 0.00497149869056 
-0.00837495526186 0.00196102860064 
-0.0133988844335 0.00312175348152 
-0.0180973264443 0.00502139017877 
-1.33155888863e+14 3.28605343216e+13 
-1.75677666286e+14 4.74649406569e+13 
-0.0083749634633 0.00196104308335 
-0.0141417737496 0.0049715118522 
-8.49626753672e+13 2.1942506446e+13 
-1.19817526862e+14 3.64219067617e+13 
-0.0180973264443 0.00502139017877 
-0.0489969126387 0.0143764259901 
-1.75677666286e+14 4.74649406569e+13 
-4.83862809376e+14 1.39216526959e+14 
-0.0141417737496 0.0049715118522 
-0.0389669527291 0.014496035725 
-1.19817526862e+14 3.64219067617e+13 
-3.42764751021e+14 1.1397804931e+14 
-0.0489969126387 0.0143764259901 
-0.0489968991358 0.0143764185155 
-4.83862809376e+14 1.39216526959e+14 
-4.83862418464e+14 1.39216320502e+14 
-0.0389669527291 0.014496035725 
-0.0389669449217 0.014496025057 
-3.42764751021e+14 1.1397804931e+14 
-3.42764602239e+14 1.1397800396e+14 
-0.0489968991358 0.0143764185155 
-0.0180973104898 0.00502138429939 
-4.83862418464e+14 1.39216320502e+14 
-1.75677170229e+14 4.74647247733e+13 
-0.0389669449217 0.014496025057 
-0.0141417633485 0.00497149869056 
-3.42764602239e+14 1.1397800396e+14 
-1.19817342615e+14 3.64218711457e+13 
-0.0180973104898 0.00502138429939 
-0.0133988604037 0.00312175470282 
-1.75677170229e+14 4.74647247733e+13 
-1.33155353762e+14 3.28602494274e+13 
-0.0141417633485 0.00497149869056 
-0.00837495526186 0.00196102860064 
-1.19817342615e+14 3.64218711457e+13 
-8.49624516469e+13 2.19424886296e+13 
-8.49625724087e+13 2.19424758615e+13 
-1.19817456378e+14 3.6421852951e+13 
-0.00837496207717 0.00196103390089 
-0.0141417691486 0.00497150776485 
-8.4962597278e+13 2.19425158151e+13 
-1.1981750532e+14 3.64218214049e+13 
-0.00837496120756 0.00196103792231 
-0.0141417690758 0.00497151263039 
-1.19817456378e+14 3.6421852951e+13 
-3.42764765165e+14 1.13977826808e+14 
-0.0141417691486 0.00497150776485 
-0.0389669546724 0.0144960428784 
-1.1981750532e+14 3.64218214049e+13 
-3.42764897233e+14 1.13977760691e+14 
-0.0141417690758 0.00497151263039 
-0.0389669581788 0.0144960516561 
-3.42764765165e+14 1.13977826808e+14 
-3.4276480108e+14 1.13977807214e+14 
-0.0389669546724 0.0144960428784 
-0.0389669589837 0.0144960291746 
-3.42764897233e+14 1.13977760691e+14 
-3.42764907743e+14 1.13977674146e+14 
-0.0389669581788 0.0144960516561 
-0.0389669618077 0.014496038094 
-3.4276480108e+14 1.13977807214e+14 
-1.19817514274e+14 3.64217815912e+13 
-0.0389669589837 0.0144960291746 
-0.0141417706884 0.00497150547795 
-3.42764907743e+14 1.13977674146e+14 
-1.19817522027e+14 3.64217485914e+13 
-0.0389669618077 0.014496038094 
-0.014141770341 0.00497150830449 
-1.19817514274e+14 3.64217815912e+13 
-8.49626332814e+13 2.19424718596e+13 
-0.0141417706884 0.00497150547795 
-0.00837496333507 0.00196103542561 
-1.19817522027e+14 3.64217485914e+13 
-8.49626254892e+13 2.19424305944e+13 
-0.014141770341 0.00497150830449 
-0.00837496098698 0.00196103766113 
-0.00837496207717 0.00196103390089 
-0.0141417691486 0.00497150776485 
-0.00406735610575 0.00052698174191 
-0.00782804414197 0.0023294253793 
-0.00837496120756 0.00196103792231 
-0.0141417690758 0.00497151263039 
-0.00406735681244 0.000526979098306 
-0.00782804479254 0.00232942547456 
-0.0141417691486 0.00497150776485 
-0.0389669546724 0.0144960428784 
-0.00782804414197 0.0023294253793 
-0.0234040630633 0.00828639979916 
-0.0141417690758 0.00497151263039 
-0.0389669581788 0.0144960516561 
-0.00782804479254 0.00232942547456 
-0.0234040680711 0.0082864005488 
-0.0389669546724 0.0144960428784 
-0.0389669589837 0.0144960291746 
-0.0234040630633 0.00828639979916 
-0.0234040630146 0.00828639662873 
-0.0389669581788 0.0144960516561 
-0.0389669618077 0.014496038094 
-0.0234040680711 0.0082864005488 
-0.0234040657975 0.00828640028194 
-0.0389669589837 0.0144960291746 
-0.0141417706884 0.00497150547795 
-0.0234040630146 0.00828639662873 
-0.00782804414619 0.00232942116008 
-0.0389669618077 0.014496038094 
-0.014141770341 0.00497150830449 
-0.0234040657975 0.00828640028194 
-0.00782804273025 0.00232942426904 
-0.0141417706884 0.00497150547795 
-0.00837496333507 0.00196103542561 
-0.00782804414619 0.00232942116008 
-0.00406735567161 0.000526979020662 
-0.014141770341 0.00497150830449 
-0.00837496098698 0.00196103766113 
-0.00782804273025 0.00232942426904 
-0.00406735446824 0.000526979662664 
-0.00406735610575 0.00052698174191 
-0.00782804414197 0.0023294253793 
-0.00406735614892 0.000526983225727 
-0.00782804422651 0.00232943009553 
-0.00406735681244 0.000526979098306 
-0.00782804479254 0.00232942547456 
-0.004067356432 0.000526979900604 
-0.00782804559085 0.00232942610135 
-0.00782804414197 0.0023294253793 
-0.0234040630633 0.00828639979916 
-0.00782804422651 0.00232943009553 
-0.0234040605589 0.00828641295763 
-0.00782804479254 0.00232942547456 
-0.0234040680711 0.0082864005488 
-0.00782804559085 0.00232942610135 
-0.0234040700138 0.00828639860048 
-0.0234040630633 0.00828639979916 
-0.0234040630146 0.00828639662873 
-0.0234040605589 0.00828641295763 
-0.0234040573431 0.00828640342316 
-0.0234040680711 0.0082864005488 
-0.0234040657975 0.00828640028194 
-0.0234040700138 0.00828639860048 
-0.0234040690676 0.00828639683386 
-0.0234040630146 0.00828639662873 
-0.00782804414619 0.00232942116008 
-0.0234040573431 0.00828640342316 
-0.00782803831066 0.00232942872659 
-0.0234040657975 0.00828640028194 
-0.00782804273025 0.00232942426904 
-0.0234040690676 0.00828639683386 
-0.00782804350975 0.00232942813621 
-0.00782804414619 0.00232942116008 
-0.00406735567161 0.000526979020662 
-0.00782803831066 0.00232942872659 
-0.0040673537843 0.000526979151593 
-0.00782804273025 0.00232942426904 
-0.00406735446824 0.000526979662664 
-0.00782804350975 0.00232942813621 
-0.00406735507436 0.000526980174489 
-0.00406735614892 0.000526983225727 
-0.00782804422651 0.00232943009553 
-0.0083749634633 0.00196104308335 
-0.0141417737496 0.0049715118522 
-0.004067356432 0.000526979900604 
-0.00782804559085 0.00232942610135 
-0.00837496193432 0.00196103958987 
-0.0141417667343 0.00497151691215 
-0.00782804422651 0.00232943009553 
-0.0234040605589 0.00828641295763 
-0.0141417737496 0.0049715118522 
-0.0389669527291 0.014496035725 
-0.00782804559085 0.00232942610135 
-0.0234040700138 0.00828639860048 
-0.0141417667343 0.00497151691215 
-0.0389669445566 0.0144960545649 
-0.0234040605589 0.00828641295763 
-0.0234040573431 0.00828640342316 
-0.0389669527291 0.014496035725 
-0.0389669449217 0.014496025057 
-0.0234040700138 0.00828639860048 
-0.0234040690676 0.00828639683386 
-0.0389669445566 0.0144960545649 
-0.0389669408528 0.0144960495795 
-0.0234040573431 0.00828640342316 
-0.00782803831066 0.00232942872659 
-0.0389669449217 0.014496025057 
-0.0141417633485 0.00497149869056 
-0.0234040690676 0.00828639683386 
-0.00782804350975 0.00232942813621 
-0.0389669408528 0.0144960495795 
-0.0141417592797 0.00497151006511 
-0.00782803831066 0.00232942872659 
-0.0040673537843 0.000526979151593 
-0.0141417633485 0.00497149869056 
-0.00837495526186 0.00196102860064 
-0.00782804350975 0.00232942813621 
-0.00406735507436 0.000526980174489 
-0.0141417592797 0.00497151006511 
-0.00837495331828 0.00196103583292 
-0.0083749634633 0.00196104308335 
-0.0141417737496 0.0049715118522 
-8.49626753672e+13 2.1942506446e+13 
-1.19817526862e+14 3.64219067617e+13 
-0.00837496193432 0.00196103958987 
-0.0141417667343 0.00497151691215 
-8.4962618584e+13 2.19424942589e+13 
-1.19817494501e+14 3.64218540299e+13 
-0.0141417737496 0.0049715118522 
-0.0389669527291 0.014496035725 
-1.19817526862e+14 3.64219067617e+13 
-3.42764751021e+14 1.1397804931e+14 
-0.0141417667343 0.00497151691215 
-0.0389669445566 0.0144960545649 
-1.19817494501e+14 3.64218540299e+13 
-3.42764729766e+14 1.13977945759e+14 
-0.0389669527291 0.014496035725 
-0.0389669449217 0.014496025057 
-3.42764751021e+14 1.1397804931e+14 
-3.42764602239e+14 1.1397800396e+14 
-0.0389669445566 0.0144960545649 
-0.0389669408528 0.0144960495795 
-3.42764729766e+14 1.13977945759e+14 
-3.42764630776e+14 1.13977938835e+14 
-0.0389669449217 0.014496025057 
-0.0141417633485 0.00497149869056 
-3.42764602239e+14 1.1397800396e+14 
-1.19817342615e+14 3.64218711457e+13 
-0.0389669408528 0.0144960495795 
-0.0141417592797 0.00497151006511 
-3.42764630776e+14 1.13977938835e+14 
-1.19817367839e+14 3.64218813235e+13 
-0.0141417633485 0.00497149869056 
-0.00837495526186 0.00196102860064 
-1.19817342615e+14 3.64218711457e+13 
-8.49624516469e+13 2.19424886296e+13 
-0.0141417592797 0.00497151006511 
-0.00837495331828 0.00196103583292 
-1.19817367839e+14 3.64218813235e+13 
-8.49624994036e+13 2.19424926293e+13 
-8.4962597278e+13 2.19425158151e+13 
-1.1981750532e+14 3.64218214049e+13 
-0.00837496120756 0.00196103792231 
-0.0141417690758 0.00497151263039 
-1.33155673044e+14 3.28604432236e+13 
-1.75677491207e+14 4.74648198409e+13 
-0.0133988783629 0.00312175262649 
-0.0180973244103 0.00502138662404 
-1.1981750532e+14 3.64218214049e+13 
-3.42764897233e+14 1.13977760691e+14 
-0.0141417690758 0.00497151263039 
-0.0389669581788 0.0144960516561 
-1.75677491207e+14 4.74648198409e+13 
-4.83862680719e+14 1.39216398488e+14 
-0.0180973244103 0.00502138662404 
-0.0489969202467 0.0143764086101 
-3.42764897233e+14 1.13977760691e+14 
-3.42764907743e+14 1.13977674146e+14 
-0.0389669581788 0.0144960516561 
-0.0389669618077 0.014496038094 
-4.83862680719e+14 1.39216398488e+14 
-4.83862584948e+14 1.39216297735e+14 
-0.0489969202467 0.0143764086101 
-0.0489969091617 0.0143764067675 
-3.42764907743e+14 1.13977674146e+14 
-1.19817522027e+14 3.64217485914e+13 
-0.0389669618077 0.014496038094 
-0.014141770341 0.00497150830449 
-4.83862584948e+14 1.39216297735e+14 
-1.75677340007e+14 4.74647833181e+13 
-0.0489969091617 0.0143764067675 
-0.0180973142216 0.0050213813143 
-1.19817522027e+14 3.64217485914e+13 
-8.49626254892e+13 2.19424305944e+13 
-0.014141770341 0.00497150830449 
-0.00837496098698 0.00196103766113 
-1.75677340007e+14 4.74647833181e+13 
-1.33155512738e+14 3.28603927303e+13 
-0.0180973142216 0.0050213813143 
-0.0133988649356 0.00312174803075 
-0.00837496120756 0.00196103792231 
-0.0141417690758 0.00497151263039 
-0.00406735681244 0.000526979098306 
-0.00782804479254 0.00232942547456 
-0.0133988783629 0.00312175262649 
-0.0180973244103 0.00502138662404 
-0.00723757593614 0.00129223860393 
-0.0107499775709 0.00276631571407 
-0.0141417690758 0.00497151263039 
-0.0389669581788 0.0144960516561 
-0.00782804479254 0.00232942547456 
-0.0234040680711 0.0082864005488 
-0.0180973244103 0.00502138662404 
-0.0489969202467 0.0143764086101 
-0.0107499775709 0.00276631571407 
-0.0300794945226 0.0086544553317 
-0.0389669581788 0.0144960516561 
-0.0389669618077 0.014496038094 
-0.0234040680711 0.0082864005488 
-0.0234040657975 0.00828640028194 
-0.0489969202467 0.0143764086101 
-0.0489969091617 0.0143764067675 
-0.0300794945226 0.0086544553317 
-0.0300794885334 0.00865445515634 
-0.0389669618077 0.014496038094 
-0.014141770341 0.00497150830449 
-0.0234040657975 0.00828640028194 
-0.00782804273025 0.00232942426904 
-0.0489969091617 0.0143764067675 
-0.0180973142216 0.0050213813143 
-0.0300794885334 0.00865445515634 
-0.0107499665755 0.00276631731974 
-0.014141770341 0.00497150830449 
-0.00837496098698 0.00196103766113 
-0.00782804273025 0.00232942426904 
-0.00406735446824 0.000526979662664 
-0.0180973142216 0.0050213813143 
-0.0133988649356 0.00312174803075 
-0.0107499665755 0.00276631731974 
-0.00723756430627 0.00129223902263 
-0.00406735681244 0.000526979098306 
-0.00782804479254 0.00232942547456 
-0.004067356432 0.000526979900604 
-0.00782804559085 0.00232942610135 
-0.00723757593614 0.00129223860393 
-0.0107499775709 0.00276631571407 
-0.00723757701704 0.00129223704061 
-0.010749978597 0.00276631636786 
-0.00782804479254 0.00232942547456 
-0.0234040680711 0.0082864005488 
-0.00782804559085 0.00232942610135 
-0.0234040700138 0.00828639860048 
-0.0107499775709 0.00276631571407 
-0.0300794945226 0.0086544553317 
-0.010749978597 0.00276631636786 
-0.030079497791 0.00865444951945 
-0.0234040680711 0.0082864005488 
-0.0234040657975 0.00828640028194 
-0.0234040700138 0.00828639860048 
-0.0234040690676 0.00828639683386 
-0.0300794945226 0.0086544553317 
-0.0300794885334 0.00865445515634 
-0.030079497791 0.00865444951945 
-0.0300794880926 0.00865445443441 
-0.0234040657975 0.00828640028194 
-0.00782804273025 0.00232942426904 
-0.0234040690676 0.00828639683386 
-0.00782804350975 0.00232942813621 
-0.0300794885334 0.00865445515634 
-0.0107499665755 0.00276631731974 
-0.0300794880926 0.00865445443441 
-0.0107499682566 0.00276631566687 
-0.00782804273025 0.00232942426904 
-0.00406735446824 0.000526979662664 
-0.00782804350975 0.00232942813621 
-0.00406735507436 0.000526980174489 
-0.0107499665755 0.00276631731974 
-0.00723756430627 0.00129223902263 
-0.0107499682566 0.00276631566687 
-0.00723756587945 0.00129223827317 
-0.004067356432 0.000526979900604 
-0.00782804559085 0.00232942610135 
-0.00837496193432 0.00196103958987 
-0.0141417667343 0.00497151691215 
-0.00723757701704 0.00129223704061 
-0.010749978597 0.00276631636786 
-0.0133988814726 0.00312175181979 
-0.0180973251993 0.00502138380158 
-0.00782804559085 0.00232942610135 
-0.0234040700138 0.00828639860048 
-0.0141417667343 0.00497151691215 
-0.0389669445566 0.0144960545649 
-0.010749978597 0.00276631636786 
-0.030079497791 0.00865444951945 
-0.0180973251993 0.00502138380158 
-0.0489969179474 0.0143764020276 
-0.0234040700138 0.00828639860048 
-0.0234040690676 0.00828639683386 
-0.0389669445566 0.0144960545649 
-0.0389669408528 0.0144960495795 
-0.030079497791 0.00865444951945 
-0.0300794880926 0.00865445443441 
-0.0489969179474 0.0143764020276 
-0.0489969096022 0.0143763923524 
-0.0234040690676 0.00828639683386 
-0.00782804350975 0.00232942813621 
-0.0389669408528 0.0144960495795 
-0.0141417592797 0.00497151006511 
-0.0300794880926 0.00865445443441 
-0.0107499682566 0.00276631566687 
-0.0489969096022 0.0143763923524 
-0.0180973101895 0.00502137904277 
-0.00782804350975 0.00232942813621 
-0.00406735507436 0.000526980174489 
-0.0141417592797 0.00497151006511 
-0.00837495331828 0.00196103583292 
-0.0107499682566 0.00276631566687 
-0.00723756587945 0.00129223827317 
-0.0180973101895 0.00502137904277 
-0.0133988635225 0.00312174515806 
-0.00837496193432 0.00196103958987 
-0.0141417667343 0.00497151691215 
-8.4962618584e+13 2.19424942589e+13 
-1.19817494501e+14 3.64218540299e+13 
-0.0133988814726 0.00312175181979 
-0.0180973251993 0.00502138380158 
-1.33155694844e+14 3.28604143632e+13 
-1.7567748904e+14 4.74648189421e+13 
-0.0141417667343 0.00497151691215 
-0.0389669445566 0.0144960545649 
-1.19817494501e+14 3.64218540299e+13 
-3.42764729766e+14 1.13977945759e+14 
-0.0180973251993 0.00502138380158 
-0.0489969179474 0.0143764020276 
-1.7567748904e+14 4.74648189421e+13 
-4.83862668079e+14 1.39216307595e+14 
-0.0389669445566 0.0144960545649 
-0.0389669408528 0.0144960495795 
-3.42764729766e+14 1.13977945759e+14 
-3.42764630776e+14 1.13977938835e+14 
-0.0489969179474 0.0143764020276 
-0.0489969096022 0.0143763923524 
-4.83862668079e+14 1.39216307595e+14 
-4.83862558123e+14 1.39216251159e+14 
-0.0389669408528 0.0144960495795 
-0.0141417592797 0.00497151006511 
-3.42764630776e+14 1.13977938835e+14 
-1.19817367839e+14 3.64218813235e+13 
-0.0489969096022 0.0143763923524 
-0.0180973101895 0.00502137904277 
-4.83862558123e+14 1.39216251159e+14 
-1.75677327082e+14 4.74647732742e+13 
-0.0141417592797 0.00497151006511 
-0.00837495331828 0.00196103583292 
-1.19817367839e+14 3.64218813235e+13 
-8.49624994036e+13 2.19424926293e+13 
-0.0180973101895 0.00502137904277 
-0.0133988635225 0.00312174515806 
-1.75677327082e+14 4.74647732742e+13 
-1.3315550901e+14 3.28603305732e+13 
-1.33155673044e+14 3.28604432236e+13 
-1.75677491207e+14 4.74648198409e+13 
-0.0133988783629 0.00312175262649 
-0.0180973244103 0.00502138662404 
-1.28316606904e+30 3.18288370112e+29 
-1.65345825833e+30 4.34691817119e+29 
-1.29518385563e+14 3.06605282219e+13 
-1.6948228544e+14 4.35309462189e+13 
-1.75677491207e+14 4.74648198409e+13 
-4.83862680719e+14 1.39216398488e+14 
-0.0180973244103 0.00502138662404 
-0.0489969202467 0.0143764086101 
-1.65345825833e+30 4.34691817119e+29 
-4.49979528877e+30 1.24363329943e+30 
-1.6948228544e+14 4.35309462189e+13 
-4.65499108991e+14 1.27311711248e+14 
-4.83862680719e+14 1.39216398488e+14 
-4.83862584948e+14 1.39216297735e+14 
-0.0489969202467 0.0143764086101 
-0.0489969091617 0.0143764067675 
-4.49979528877e+30 1.24363329943e+30 
-4.4997926583e+30 1.24363372674e+30 
-4.65499108991e+14 1.27311711248e+14 
-4.6549886302e+14 1.27311735464e+14 
-4.83862584948e+14 1.39216297735e+14 
-1.75677340007e+14 4.74647833181e+13 
-0.0489969091617 0.0143764067675 
-0.0180973142216 0.0050213813143 
-4.4997926583e+30 1.24363372674e+30 
-1.65345535451e+30 4.34691776891e+29 
-4.6549886302e+14 1.27311735464e+14 
-1.6948197535e+14 4.353094765e+13 
-1.75677340007e+14 4.74647833181e+13 
-1.33155512738e+14 3.28603927303e+13 
-0.0180973142216 0.0050213813143 
-0.0133988649356 0.00312174803075 
-1.65345535451e+30 4.34691776891e+29 
-1.2831629009e+30 3.18288272761e+29 
-1.6948197535e+14 4.353094765e+13 
-1.29517996823e+14 3.06606138643e+13 
-0.0133988783629 0.00312175262649 
-0.0180973244103 0.00502138662404 
-0.00723757593614 0.00129223860393 
-0.0107499775709 0.00276631571407 
-1.29518385563e+14 3.06605282219e+13 
-1.6948228544e+14 4.35309462189e+13 
-7.27942004922e+13 1.46187583228e+13 
-9.98579468033e+13 2.38059870906e+13 
-0.0180973244103 0.00502138662404 
-0.0489969202467 0.0143764086101 
-0.0107499775709 0.00276631571407 
-0.0300794945226 0.0086544553317 
-1.6948228544e+14 4.35309462189e+13 
-4.65499108991e+14 1.27311711248e+14 
-9.98579468033e+13 2.38059870906e+13 
-2.82471125497e+14 7.49692231563e+13 
-0.0489969202467 0.0143764086101 
-0.0489969091617 0.0143764067675 
-0.0300794945226 0.0086544553317 
-0.0300794885334 0.00865445515634 
-4.65499108991e+14 1.27311711248e+14 
-4.6549886302e+14 1.27311735464e+14 
-2.82471125497e+14 7.49692231563e+13 
-2.82470979234e+14 7.49692291333e+13 
-0.0489969091617 0.0143764067675 
-0.0180973142216 0.0050213813143 
-0.0300794885334 0.00865445515634 
-0.0107499665755 0.00276631731974 
-4.6549886302e+14 1.27311735464e+14 
-1.6948197535e+14 4.353094765e+13 
-2.82470979234e+14 7.49692291333e+13 
-9.98577788415e+13 2.38059776478e+13 
-0.0180973142216 0.0050213813143 
-0.0133988649356 0.00312174803075 
-0.0107499665755 0.00276631731974 
-0.00723756430627 0.00129223902263 
-1.6948197535e+14 4.353094765e+13 
-1.29517996823e+14 3.06606138643e+13 
-9.98577788415e+13 2.38059776478e+13 
-7.27940178948e+13 1.46187626667e+13 
-0.00723757593614 0.00129223860393 
-0.0107499775709 0.00276631571407 
-0.00723757701704 0.00129223704061 
-0.010749978597 0.00276631636786 
-7.27942004922e+13 1.46187583228e+13 
-9.98579468033e+13 2.38059870906e+13 
-7.27942102931e+13 1.46187754774e+13 
-9.98579643988e+13 2.38059754314e+13 
-0.0107499775709 0.00276631571407 
-0.0300794945226 0.0086544553317 
-0.010749978597 0.00276631636786 
-0.030079497791 0.00865444951945 
-9.98579468033e+13 2.38059870906e+13 
-2.82471125497e+14 7.49692231563e+13 
-9.98579643988e+13 2.38059754314e+13 
-2.82471166618e+14 7.49692489649e+13 
-0.0300794945226 0.0086544553317 
-0.0300794885334 0.00865445515634 
-0.030079497791 0.00865444951945 
-0.0300794880926 0.00865445443441 
-2.82471125497e+14 7.49692231563e+13 
-2.82470979234e+14 7.49692291333e+13 
-2.82471166618e+14 7.49692489649e+13 
-2.8247103442e+14 7.49692213194e+13 
-0.0300794885334 0.00865445515634 
-0.0107499665755 0.00276631731974 
-0.0300794880926 0.00865445443441 
-0.0107499682566 0.00276631566687 
-2.82470979234e+14 7.49692291333e+13 
-9.98577788415e+13 2.38059776478e+13 
-2.8247103442e+14 7.49692213194e+13 
-9.98577994378e+13 2.38059537168e+13 
-0.0107499665755 0.00276631731974 
-0.00723756430627 0.00129223902263 
-0.0107499682566 0.00276631566687 
-0.00723756587945 0.00129223827317 
-9.98577788415e+13 2.38059776478e+13 
-7.27940178948e+13 1.46187626667e+13 
-9.98577994378e+13 2.38059537168e+13 
-7.27940264388e+13 1.46187583554e+13 
-0.00723757701704 0.00129223704061 
-0.010749978597 0.00276631636786 
-0.0133988814726 0.00312175181979 
-0.0180973251993 0.00502138380158 
-7.27942102931e+13 1.46187754774e+13 
-9.98579643988e+13 2.38059754314e+13 
-1.29518342304e+14 3.06606623093e+13 
-1.69482299313e+14 4.35309685625e+13 
-0.010749978597 0.00276631636786 
-0.030079497791 0.00865444951945 
-0.0180973251993 0.00502138380158 
-0.0489969179474 0.0143764020276 
-9.98579643988e+13 2.38059754314e+13 
-2.82471166618e+14 7.49692489649e+13 
-1.69482299313e+14 4.35309685625e+13 
-4.6549916018e+14 1.27311697694e+14 
-0.030079497791 0.00865444951945 
-0.0300794880926 0.00865445443441 
-0.0489969179474 0.0143764020276 
-0.0489969096022 0.0143763923524 
-2.82471166618e+14 7.49692489649e+13 
-2.8247103442e+14 7.49692213194e+13 
-4.6549916018e+14 1.27311697694e+14 
-4.65498942051e+14 1.27311623147e+14 
-0.0300794880926 0.00865445443441 
-0.0107499682566 0.00276631566687 
-0.0489969096022 0.0143763923524 
-0.0180973101895 0.00502137904277 
-2.8247103442e+14 7.49692213194e+13 
-9.98577994378e+13 2.38059537168e+13 
-4.65498942051e+14 1.27311623147e+14 
-1.69482022077e+14 4.35308647649e+13 
-0.0107499682566 0.00276631566687 
-0.00723756587945 0.00129223827317 
-0.0180973101895 0.00502137904277 
-0.0133988635225 0.00312174515806 
-9.98577994378e+13 2.38059537168e+13 
-7.27940264388e+13 1.46187583554e+13 
-1.69482022077e+14 4.35308647649e+13 
-1.29518038579e+14 3.06605408189e+13 
-0.0133988814726 0.00312175181979 
-0.0180973251993 0.00502138380158 
-1.33155694844e+14 3.28604143632e+13 
-1.7567748904e+14 4.74648189421e+13 
-1.29518342304e+14 3.06606623093e+13 
-1.69482299313e+14 4.35309685625e+13 
-1.28316643254e+30 3.18288879524e+29 
-1.6534585146e+30 4.34692397256e+29 
-0.0180973251993 0.00502138380158 
-0.0489969179474 0.0143764020276 
-1.7567748904e+14 4.74648189421e+13 
-4.83862668079e+14 1.39216307595e+14 
-1.69482299313e+14 4.35309685625e+13 
-4.6549916018e+14 1.27311697694e+14 
-1.6534585146e+30 4.34692397256e+29 
-4.49979543632e+30 1.243634474e+30 
-0.0489969179474 0.0143764020276 
-0.0489969096022 0.0143763923524 
-4.83862668079e+14 1.39216307595e+14 
-4.83862558123e+14 1.39216251159e+14 
-4.6549916018e+14 1.27311697694e+14 
-4.65498942051e+14 1.27311623147e+14 
-4.49979543632e+30 1.243634474e+30 
-4.49979307686e+30 1.24363358563e+30 
-0.0489969096022 0.0143763923524 
-0.0180973101895 0.00502137904277 
-4.83862558123e+14 1.39216251159e+14 
-1.75677327082e+14 4.74647732742e+13 
-4.65498942051e+14 1.27311623147e+14 
-1.69482022077e+14 4.35308647649e+13 
-4.49979307686e+30 1.24363358563e+30 
-1.65345546871e+30 4.34691292103e+29 
-0.0180973101895 0.00502137904277 
-0.0133988635225 0.00312174515806 
-1.75677327082e+14 4.74647732742e+13 
-1.3315550901e+14 3.28603305732e+13 
-1.69482022077e+14 4.35308647649e+13 
-1.29518038579e+14 3.06605408189e+13 
-1.65345546871e+30 4.34691292103e+29 
-1.28316294398e+30 3.1828773389e+29 
#EvenParity Angular Flux 216 4
0.0114769876711 0.0245499290966 
0.0117800497162 0.0262241826003 
0.0112509740565 0.0233394252729 
0.0116648592785 0.025549842397 
0.0114475857313 0.0244033407675 
0.0119222713854 0.0270620577323 
0.0112157937837 0.0230305915101 
0.0121288421664 0.028069585944 
0.0120713034927 0.0278556722958 
0.0120241618 0.0275351789727 
0.0123088794337 0.0292703259732 
0.0124536997787 0.0300630554812 
0.0120713049451 0.0278556799395 
0.0120241628922 0.0275351870702 
0.0123088804945 0.0292703393751 
0.0124536991541 0.0300630680502 
0.0117800526725 0.0262242032212 
0.0116648626643 0.0255498694801 
0.0119222756069 0.0270620963358 
0.0121288467894 0.0280696181228 
0.011477001706 0.0245499535607 
0.0112509830865 0.0233394707941 
0.0114475922957 0.0244034090732 
0.0112158056716 0.0230306536463 
0.0106086542618 0.0199344930893 
0.0113355383499 0.0236218270254 
0.0103482697623 0.0182615805719 
0.0119087645784 0.0261181262324 
0.0119077361652 0.0266866495213 
0.0124473056275 0.0295994888899 
0.01190773999 0.026686650211 
0.0124473100675 0.0295994829065 
0.0113355564033 0.0236218054201 
0.0119087658161 0.0261181336654 
0.0106086633478 0.0199344924877 
0.0103482668762 0.0182616097093 
0.0106086630688 0.0199344903853 
0.0113355433173 0.023621828254 
0.0103482763962 0.0182615790658 
0.0119087701919 0.02611812408 
0.0119077371866 0.0266866556305 
0.0124472963493 0.0295995102853 
0.0119077320225 0.0266866616685 
0.0124473036037 0.0295994905807 
0.0113355322981 0.0236218382031 
0.0119087714899 0.0261181043533 
0.0106086369529 0.0199345141659 
0.0103482788064 0.0182615497402 
0.0112509848293 0.0233394706472 
0.0116648651524 0.0255498748738 
0.0112158170148 0.0230306231092 
0.0121288503692 0.0280696115969 
0.0120241613984 0.0275352007946 
0.0124536970929 0.0300630742902 
0.0120241558054 0.0275351908234 
0.0124536946341 0.0300630626764 
0.0116648550324 0.0255498261056 
0.0121288407195 0.028069583283 
0.0112509719221 0.0233393906301 
0.0112157910633 0.0230306017799 
0.0114770184564 0.0245499876648 
0.0117800704918 0.0262242336939 
0.0114476153399 0.0244034317517 
0.0119222931019 0.0270621144755 
0.0120713115667 0.0278557001412 
0.0123088861899 0.0292703497497 
0.0120713005777 0.0278556697018 
0.012308878835 0.0292703172411 
0.0117800379267 0.0262241357673 
0.0119222653417 0.0270620178553 
0.0114769676232 0.0245498555355 
0.0114475829637 0.0244032870511 
0.0116780210316 0.0256759386711 
0.0126842209529 0.0314816080863 
0.0113295766847 0.0233384077484 
0.0141185279244 0.0396549971716 
0.0134238363389 0.0358926706051 
0.0146529910176 0.0433826299901 
0.0134238391514 0.0358926695549 
0.0146529994996 0.0433826113131 
0.0126842374644 0.0314815877688 
0.0141185327468 0.0396549902472 
0.0116780322438 0.0256759473302 
0.0113295766828 0.0233384170835 
0.00985608146284 0.0150776242701 
0.0134393132398 0.0327994834486 
0.0145446142689 0.0411172250909 
0.0145446165253 0.0411172171806 
0.0134393211791 0.0327994563212 
0.0098560863822 0.0150776022263 
0.00985607825525 0.0150776357648 
0.0134393045682 0.0327995139742 
0.0145446025272 0.0411172555455 
0.0145446066174 0.041117229061 
0.0134392936761 0.0327994917047 
0.00985608096758 0.015077598109 
0.0113295662934 0.0233384535879 
0.0141185296488 0.0396550198908 
0.0146529931689 0.0433826179641 
0.0146529937128 0.0433825973656 
0.0141185303058 0.0396549529425 
0.011329572595 0.0233383712014 
0.0116780346069 0.0256759717573 
0.0126842246349 0.0314816395401 
0.0134238256563 0.0358927037851 
0.0134238196457 0.0358926888345 
0.0126842027501 0.0314815992738 
0.0116779980918 0.0256759238765 
0.0116780196126 0.02567596274 
0.0126842315522 0.0314816024046 
0.0113295696574 0.0233384253472 
0.0141185221702 0.0396550164095 
0.0134238464164 0.0358926676486 
0.0146529889865 0.0433826453553 
0.013423850842 0.0358926550133 
0.014652997035 0.0433826265261 
0.0126842424116 0.0314815756848 
0.014118528975 0.0396550009944 
0.0116780368354 0.0256759255973 
0.0113295696492 0.0233384237396 
0.00985608930391 0.0150776059173 
0.0134393145415 0.032799485542 
0.0145446181231 0.0411172313489 
0.0145446163201 0.0411172286906 
0.0134393121133 0.0327994730945 
0.00985608167831 0.0150776038836 
0.0098560864739 0.0150776110368 
0.0134393151805 0.0327994913903 
0.0145446212421 0.0411172282201 
0.0145446216924 0.0411172230055 
0.0134393066192 0.032799499741 
0.00985608217621 0.0150776094529 
0.011329568567 0.0233384344685 
0.0141185139029 0.0396550301359 
0.0146529802896 0.043382642424 
0.0146529805138 0.0433826327676 
0.0141185113699 0.0396549924327 
0.0113295593201 0.0233384022151 
0.0116780264446 0.0256759558205 
0.0126842262154 0.0314816139056 
0.0134238291251 0.0358926868404 
0.0134238240895 0.03589268044 
0.0126842051274 0.0314816069039 
0.0116780058582 0.0256759341945 
0.0114476001593 0.0244033806541 
0.0119222865227 0.0270620693599 
0.0112158114546 0.023030614313 
0.0121288511529 0.0280696010958 
0.0123088854368 0.0292703333442 
0.012453704459 0.0300630603679 
0.0123088850172 0.0292703206494 
0.0124537012514 0.030063054904 
0.0119222759494 0.0270620471369 
0.0121288461068 0.0280695791937 
0.0114475873523 0.0244033479393 
0.0112158014709 0.0230305869359 
0.0103482773533 0.0182615903673 
0.01190877248 0.0261181309889 
0.0124472960316 0.0295995202124 
0.0124472928598 0.0295995166934 
0.0119087551476 0.0261181219042 
0.0103482572696 0.0182615728475 
0.010348281331 0.0182615847715 
0.0119087731641 0.0261181350313 
0.0124473004107 0.0295995130724 
0.0124472929442 0.0295995153471 
0.0119087594325 0.0261181176991 
0.0103482609458 0.0182615719342 
0.0112158153682 0.0230306151735 
0.0121288538653 0.0280695948485 
0.0124537055116 0.0300630533585 
0.012453705392 0.0300630413878 
0.0121288442322 0.0280695701082 
0.0112158024648 0.0230305770576 
0.0114476050862 0.0244033742024 
0.0119222863983 0.0270620689487 
0.0123088875193 0.0292703243528 
0.0123088854054 0.029270315363 
0.0119222755448 0.0270620435286 
0.0114475924916 0.0244033285721 
0.0114770096577 0.0245499447663 
0.0117800655864 0.0262241974516 
0.0112510084087 0.0233394355427 
0.0116648706989 0.0255498717304 
0.0120713129719 0.0278556752947 
0.0120241615538 0.0275352003524 
0.0120713026023 0.0278556703485 
0.0120241526795 0.0275351944284 
0.011780039464 0.0262241699925 
0.0116648435083 0.0255498449963 
0.0114769749261 0.0245499060362 
0.011250958799 0.023339419699 
0.0106086664887 0.019934513594 
0.0113355429569 0.0236218578799 
0.0119077352569 0.0266866716284 
0.0119077270941 0.0266866646439 
0.0113355203192 0.0236218303687 
0.0106086339612 0.0199344838375 
0.0106086657263 0.019934523775 
0.0113355468046 0.0236218557102 
0.0119077363263 0.0266866777856 
0.0119077304218 0.0266866664312 
0.0113355260233 0.023621823722 
0.0106086360758 0.0199344832018 
0.0112509917828 0.023339471783 
0.0116648702991 0.0255498784575 
0.0120241636352 0.0275352007824 
0.012024158411 0.0275351864757 
0.0116648535686 0.0255498286189 
0.0112509698202 0.0233394019208 
0.011477009015 0.0245499650465 
0.0117800635592 0.0262242147015 
0.0120713101136 0.0278556873441 
0.0120713044622 0.0278556704174 
0.011780044146 0.0262241585658 
0.0114769804158 0.024549889393 
