#Even Moments 216 8
0.00149658 0.000378176 -0.00012972 3.70804e-05 E 1 1 2 4 #
0.0026254 0.000433439 -0.000208034 7.32618e-05 E 2 0 3 5 8 #
0.0026253 0.000433487 -0.000208064 7.32794e-05 E 2 0 3 4 24 6 #
0.00521306 0.000204063 -0.000219457 9.62849e-05 E 4 1 2 7 9 5 25 #
0.00262516 0.000433537 -0.00020807 7.32643e-05 E 2 0 5 6 72 #
0.00521301 0.000204071 -0.000219434 9.62535e-05 E 4 1 4 7 10 73 #
0.00521305 0.00020406 -0.000219419 9.62376e-05 E 4 2 4 7 26 72 74 #
0.215776 -0.00148302 0.000358586 -9.47142e-05 E 8 3 5 6 11 27 75 73 #
0.00346441 0.000462118 -0.000263134 9.98575e-05 E 2 1 9 10 12 #
0.0072079 5.5113e-06 -0.000220029 0.00011187 E 4 8 3 11 13 10 28 #
0.00720791 5.48929e-06 -0.000219998 0.000111848 E 4 8 5 11 14 76 #
0.347234 -0.00284703 0.000826981 -0.000248627 E 8 9 10 7 15 29 77 76 #
0.00346471 0.000461985 -0.000263061 9.98265e-05 E 2 8 13 14 16 #
0.0072078 5.58317e-06 -0.000220067 0.000111874 E 4 12 9 15 17 14 30 #
0.00720774 5.57222e-06 -0.000220046 0.000111866 E 4 12 10 15 18 78 #
0.347234 -0.00284701 0.000826973 -0.000248623 E 8 13 14 11 19 31 79 78 #
0.00262452 0.000433829 -0.000208228 7.33264e-05 E 2 12 17 18 20 #
0.00521257 0.000204309 -0.000219563 9.62855e-05 E 4 16 13 19 21 18 32 #
0.00521243 0.000204326 -0.000219556 9.62863e-05 E 4 16 14 19 22 80 #
0.215777 -0.00148323 0.000358722 -9.47853e-05 E 8 17 18 15 23 33 81 80 #
0.00149693 0.000378006 -0.000129599 3.69945e-05 E 1 16 21 22 #
0.00262484 0.000433688 -0.000208151 7.32947e-05 E 2 20 17 23 34 #
0.00262476 0.000433679 -0.000208137 7.32959e-05 E 2 20 18 23 82 #
0.00521222 0.000204433 -0.000219625 9.63233e-05 E 4 21 22 19 35 83 #
0.00346459 0.000462042 -0.000263109 9.98717e-05 E 2 2 25 6 36 26 #
0.00720776 5.57751e-06 -0.000220066 0.000111887 E 4 3 24 27 28 7 37 #
0.00720792 5.49681e-06 -0.000220019 0.000111869 E 4 24 6 27 38 74 84 #
0.347234 -0.00284711 0.000827033 -0.000248662 E 8 25 7 26 29 39 85 75 #
0.0101441 -0.000370821 -0.000179683 0.000119875 E 4 9 25 29 30 11 40 #
0.559499 -0.00513657 0.00166125 -0.000533256 E 8 28 11 27 31 41 86 77 #
0.0101447 -0.000371091 -0.00017953 0.000119812 E 4 13 28 31 32 15 42 #
0.559499 -0.00513648 0.00166121 -0.000533235 E 8 30 15 29 33 43 87 79 #
0.00720793 5.51175e-06 -0.000220016 0.000111842 E 4 17 30 33 34 19 44 #
0.347234 -0.00284712 0.000827047 -0.000248661 E 8 32 19 31 35 45 88 81 #
0.00346481 0.00046196 -0.000263038 9.97989e-05 E 2 21 32 35 46 #
0.00720751 5.67617e-06 -0.000220125 0.000111922 E 4 34 23 33 47 89 #
0.00346485 0.000461927 -0.000263038 9.98317e-05 E 2 24 37 26 48 38 #
0.00720784 5.55652e-06 -0.000220049 0.00011187 E 4 25 36 39 40 27 49 #
0.00720761 5.64549e-06 -0.0002201 0.000111891 E 4 36 26 39 50 84 90 #
0.347234 -0.00284698 0.000826964 -0.000248641 E 8 37 27 38 41 51 91 85 #
0.0101447 -0.000371086 -0.000179528 0.0001198 E 4 28 37 41 42 29 52 #
0.559499 -0.00513646 0.0016612 -0.000533237 E 8 40 29 39 43 53 92 86 #
0.0101445 -0.000370994 -0.00017958 0.000119826 E 4 30 40 43 44 31 54 #
0.559499 -0.00513652 0.00166123 -0.000533252 E 8 42 31 41 45 55 93 87 #
0.00720784 5.57143e-06 -0.000220039 0.000111836 E 4 32 42 45 46 33 56 #
0.347234 -0.00284711 0.000827051 -0.000248678 E 8 44 33 43 47 57 94 88 #
0.00346501 0.000461879 -0.000263001 9.9789e-05 E 2 34 44 47 58 #
0.00720742 5.7177e-06 -0.000220142 0.000111925 E 4 46 35 45 59 95 #
0.00262461 0.000433804 -0.00020822 7.33186e-05 E 2 36 49 38 60 50 #
0.00521238 0.000204378 -0.0002196 9.63105e-05 E 4 37 48 51 52 39 61 #
0.00521246 0.000204322 -0.000219548 9.62688e-05 E 4 48 38 51 62 90 96 #
0.215776 -0.00148321 0.000358728 -9.48116e-05 E 8 49 39 50 53 63 97 91 #
0.0072079 5.48954e-06 -0.000220004 0.000111866 E 4 40 49 53 54 41 64 #
0.347234 -0.0028471 0.000827053 -0.00024866 E 8 52 41 51 55 65 98 92 #
0.00720779 5.54009e-06 -0.000220037 0.00011189 E 4 42 52 55 56 43 66 #
0.347234 -0.00284714 0.000827074 -0.000248659 E 8 54 43 53 57 67 99 93 #
0.0052128 0.000204168 -0.000219481 9.6273e-05 E 4 44 54 57 58 45 68 #
0.215777 -0.00148339 0.000358819 -9.48217e-05 E 8 56 45 55 59 69 100 94 #
0.00262473 0.000433759 -0.000208186 7.32875e-05 E 2 46 56 59 70 #
0.00521258 0.00020425 -0.000219519 9.6287e-05 E 4 58 47 57 71 101 #
0.00149701 0.000377959 -0.000129585 3.70179e-05 E 1 48 61 50 #
0.00262491 0.000433641 -0.000208134 7.32943e-05 E 2 49 60 63 64 51 #
0.00262467 0.000433749 -0.000208176 7.32985e-05 E 2 60 50 63 96 #
0.00521213 0.000204461 -0.000219623 9.63021e-05 E 4 61 51 62 65 103 97 #
0.00346501 0.000461819 -0.000262972 9.98156e-05 E 2 52 61 65 66 53 #
0.00720753 5.62136e-06 -0.000220073 0.000111907 E 4 64 53 63 67 104 98 #
0.00346502 0.000461792 -0.000262959 9.98273e-05 E 2 54 64 67 68 55 #
0.00720739 5.6862e-06 -0.000220113 0.000111929 E 4 66 55 65 69 105 99 #
0.00262476 0.00043371 -0.000208166 7.33055e-05 E 2 56 66 69 70 57 #
0.00521248 0.000204283 -0.000219542 9.63054e-05 E 4 68 57 67 71 106 100 #
0.00149724 0.000377853 -0.000129509 3.69623e-05 E 1 58 68 71 #
0.00262522 0.000433459 -0.000208025 7.32748e-05 E 2 70 59 69 107 #
0.00346478 0.000461928 -0.000263048 9.98702e-05 E 2 4 73 74 108 #
0.00720783 5.50282e-06 -0.000220029 0.000111907 E 4 5 72 75 76 109 #
0.00720784 5.51747e-06 -0.000220018 0.000111866 E 4 6 72 75 84 108 110 #
0.347234 -0.0028472 0.000827104 -0.000248703 E 8 7 73 74 77 85 111 109 #
0.0101441 -0.000370855 -0.000179681 0.000119915 E 4 10 73 77 78 112 #
0.559499 -0.0051366 0.00166129 -0.000533294 E 8 11 76 75 79 86 113 112 #
0.0101446 -0.000371093 -0.000179546 0.000119863 E 4 14 76 79 80 114 #
0.559499 -0.00513642 0.00166119 -0.000533248 E 8 15 78 77 81 87 115 114 #
0.00720772 5.55852e-06 -0.000220056 0.000111912 E 4 18 78 81 82 116 #
0.347234 -0.00284704 0.000827023 -0.000248661 E 8 19 80 79 83 88 117 116 #
0.00346478 0.000461919 -0.000263038 9.98656e-05 E 2 22 80 83 118 #
0.00720737 5.73825e-06 -0.000220143 0.000111918 E 4 23 82 81 89 119 #
0.0101442 -0.000370876 -0.000179668 0.000119896 E 4 26 74 85 90 110 120 #
0.559499 -0.00513658 0.00166129 -0.000533318 E 8 27 75 84 86 91 121 111 #
0.902415 -0.00894555 0.00311315 -0.0010427 E 8 29 77 85 87 92 122 113 #
0.902415 -0.00894563 0.00311319 -0.00104272 E 8 31 79 86 88 93 123 115 #
0.559499 -0.00513655 0.00166127 -0.000533301 E 8 33 81 87 89 94 124 117 #
0.0101441 -0.000370861 -0.000179681 0.000119916 E 4 35 83 88 95 125 #
0.0101447 -0.000371102 -0.000179536 0.000119827 E 4 38 84 91 96 120 126 #
0.559499 -0.00513648 0.00166123 -0.000533298 E 8 39 85 90 92 97 127 121 #
0.902416 -0.00894563 0.00311319 -0.00104272 E 8 41 86 91 93 98 128 122 #
0.902416 -0.00894572 0.00311325 -0.00104275 E 8 43 87 92 94 99 129 123 #
0.559499 -0.00513663 0.00166132 -0.000533333 E 8 45 88 93 95 100 130 124 #
0.0101445 -0.000371026 -0.000179577 0.000119845 E 4 47 89 94 101 131 #
0.00720765 5.61555e-06 -0.000220077 0.000111888 E 4 50 90 97 102 126 132 #
0.347234 -0.00284696 0.000826974 -0.000248655 E 8 51 91 96 98 103 133 127 #
0.559499 -0.00513648 0.00166122 -0.000533269 E 8 53 92 97 99 104 134 128 #
0.559499 -0.00513656 0.00166127 -0.000533291 E 8 55 93 98 100 105 135 129 #
0.347234 -0.0028472 0.000827103 -0.000248712 E 8 57 94 99 101 106 136 130 #
0.0072079 5.50078e-06 -0.000220016 0.000111868 E 4 59 95 100 107 137 #
0.00346485 0.000461887 -0.000263018 9.9851e-05 E 2 62 96 103 132 #
0.00720748 5.69238e-06 -0.000220126 0.000111917 E 4 63 97 102 104 139 133 #
0.0101442 -0.000370894 -0.000179663 0.0001199 E 4 65 98 103 105 140 134 #
0.0101446 -0.00037105 -0.000179572 0.000119853 E 4 67 99 104 106 141 135 #
0.00720802 5.45239e-06 -0.000219994 0.00011186 E 4 69 100 105 107 142 136 #
0.00346453 0.000462048 -0.00026311 9.98864e-05 E 2 71 101 106 143 #
0.00346478 0.000461943 -0.000263052 9.98568e-05 E 2 72 109 110 144 #
0.00720773 5.58046e-06 -0.000220073 0.000111906 E 4 73 108 111 112 145 #
0.00720778 5.56127e-06 -0.000220045 0.000111871 E 4 74 108 111 120 144 146 #
0.347234 -0.00284706 0.000827033 -0.000248691 E 8 75 109 110 113 121 147 145 #
0.0101447 -0.000371099 -0.000179544 0.000119835 E 4 76 109 113 114 148 #
0.559499 -0.00513652 0.00166126 -0.000533294 E 8 77 112 111 115 122 149 148 #
0.0101445 -0.000371014 -0.000179591 0.00011986 E 4 78 112 115 116 150 #
0.559499 -0.0051364 0.00166119 -0.000533258 E 8 79 114 113 117 123 151 150 #
0.00720772 5.58015e-06 -0.000220064 0.000111897 E 4 80 114 117 118 152 #
0.347234 -0.00284696 0.00082699 -0.000248659 E 8 81 116 115 119 124 153 152 #
0.0034651 0.000461802 -0.000262972 9.98142e-05 E 2 82 116 119 154 #
0.00720737 5.72067e-06 -0.000220131 0.000111924 E 4 83 118 117 125 155 #
0.0101448 -0.000371153 -0.000179514 0.000119841 E 4 84 110 121 126 146 156 #
0.559499 -0.0051366 0.0016613 -0.000533304 E 8 85 111 120 122 127 157 147 #
0.902416 -0.00894568 0.00311322 -0.00104271 E 8 86 113 121 123 128 158 149 #
0.902416 -0.0089457 0.00311323 -0.00104271 E 8 87 115 122 124 129 159 151 #
0.559499 -0.00513654 0.00166127 -0.000533283 E 8 88 117 123 125 130 160 153 #
0.0101444 -0.00037099 -0.000179605 0.000119887 E 4 89 119 124 131 161 #
0.0101443 -0.000370927 -0.000179638 0.000119895 E 4 90 120 127 132 156 162 #
0.559499 -0.00513648 0.00166123 -0.000533261 E 8 91 121 126 128 133 163 157 #
0.902416 -0.00894568 0.00311322 -0.0010427 E 8 92 122 127 129 134 164 158 #
0.902415 -0.00894564 0.00311321 -0.00104271 E 8 93 123 128 130 135 165 159 #
0.559499 -0.00513662 0.00166131 -0.000533298 E 8 94 124 129 131 136 166 160 #
0.0101445 -0.000371045 -0.000179562 0.000119858 E 4 95 125 130 137 167 #
0.0072076 5.62798e-06 -0.000220076 0.000111889 E 4 96 126 133 138 162 168 #
0.347234 -0.00284694 0.000826973 -0.000248646 E 8 97 127 132 134 139 169 163 #
0.559499 -0.00513649 0.00166124 -0.000533278 E 8 98 128 133 135 140 170 164 #
0.559499 -0.00513658 0.0016613 -0.000533304 E 8 99 129 134 136 141 171 165 #
0.347235 -0.00284735 0.0008272 -0.000248751 E 8 100 130 135 137 142 172 166 #
0.00720775 5.56615e-06 -0.000220042 0.000111869 E 4 101 131 136 143 173 #
0.00346499 0.000461835 -0.000262985 9.983e-05 E 2 102 132 139 168 #
0.0072075 5.67197e-06 -0.000220107 0.000111913 E 4 103 133 138 140 175 169 #
0.0101444 -0.000370989 -0.000179598 0.000119863 E 4 104 134 139 141 176 170 #
0.0101445 -0.000371001 -0.000179585 0.000119849 E 4 105 135 140 142 177 171 #
0.00720768 5.59454e-06 -0.00022006 0.000111883 E 4 106 136 141 143 178 172 #
0.00346481 0.000461923 -0.000263037 9.98512e-05 E 2 107 137 142 179 #
0.00262457 0.000433791 -0.000208216 7.33464e-05 E 2 108 145 146 180 #
0.00521249 0.000204302 -0.000219551 9.62962e-05 E 4 109 144 147 148 181 #
0.00521233 0.000204346 -0.000219565 9.63083e-05 E 4 110 144 147 156 180 182 #
0.215777 -0.00148335 0.000358817 -9.48484e-05 E 8 111 145 146 149 157 183 181 #
0.00720766 5.58905e-06 -0.000220061 0.000111888 E 4 112 145 149 150 184 #
0.347234 -0.00284708 0.000827052 -0.000248685 E 8 113 148 147 151 158 185 184 #
0.00720754 5.6451e-06 -0.000220104 0.000111919 E 4 114 148 151 152 186 #
0.347234 -0.00284702 0.00082703 -0.000248677 E 8 115 150 149 153 159 187 186 #
0.00521258 0.00020424 -0.000219523 9.63033e-05 E 4 116 150 153 154 188 #
0.215776 -0.00148322 0.000358746 -9.4798e-05 E 8 117 152 151 155 160 189 188 #
0.00262476 0.000433693 -0.000208164 7.33213e-05 E 2 118 152 155 190 #
0.00521214 0.000204414 -0.000219602 9.63324e-05 E 4 119 154 153 161 191 #
0.00720763 5.56351e-06 -0.000220049 0.000111917 E 4 120 146 157 162 182 192 #
0.347234 -0.0028471 0.000827059 -0.000248665 E 8 121 147 156 158 163 193 183 #
0.559499 -0.00513648 0.00166123 -0.000533275 E 8 122 149 157 159 164 194 185 #
0.559499 -0.00513651 0.00166124 -0.000533276 E 8 123 151 158 160 165 195 187 #
0.347234 -0.00284708 0.000827042 -0.00024865 E 8 124 153 159 161 166 196 189 #
0.00720765 5.54253e-06 -0.000220042 0.000111926 E 4 125 155 160 167 197 #
0.00720753 5.61234e-06 -0.000220069 0.000111919 E 4 126 156 163 168 192 198 #
0.347234 -0.00284705 0.000827036 -0.000248648 E 8 127 157 162 164 169 199 193 #
0.559499 -0.00513651 0.00166126 -0.00053329 E 8 128 158 163 165 170 200 194 #
0.559499 -0.00513651 0.00166126 -0.000533294 E 8 129 159 164 166 171 201 195 #
0.347234 -0.00284725 0.000827154 -0.000248703 E 8 130 160 165 167 172 202 196 #
0.00720756 5.59861e-06 -0.000220057 0.000111911 E 4 131 161 166 173 203 #
0.00521244 0.000204294 -0.000219528 9.62939e-05 E 4 132 162 169 174 198 204 #
0.215776 -0.00148319 0.000358737 -9.4797e-05 E 8 133 163 168 170 175 205 199 #
0.347234 -0.00284705 0.000827047 -0.000248684 E 8 134 164 169 171 176 206 200 #
0.347234 -0.00284719 0.000827128 -0.000248722 E 8 135 165 170 172 177 207 201 #
0.215777 -0.00148329 0.000358793 -9.48262e-05 E 8 136 166 171 173 178 208 202 #
0.00521244 0.000204299 -0.000219533 9.62952e-05 E 4 137 167 172 179 209 #
0.00262481 0.000433687 -0.000208136 7.32909e-05 E 2 138 168 175 204 #
0.00521223 0.000204401 -0.000219578 9.63022e-05 E 4 139 169 174 176 211 205 #
0.00720756 5.63539e-06 -0.000220063 0.00011188 E 4 140 170 175 177 212 206 #
0.0072075 5.66368e-06 -0.000220079 0.000111884 E 4 141 171 176 178 213 207 #
0.0052124 0.000204328 -0.000219539 9.62818e-05 E 4 142 172 177 179 214 208 #
0.00262507 0.000433577 -0.000208082 7.32686e-05 E 2 143 173 178 215 #
0.00149691 0.000377952 -0.000129587 3.70455e-05 E 1 144 181 182 #
0.00262479 0.000433641 -0.000208136 7.33186e-05 E 2 145 180 183 184 #
0.00262484 0.000433612 -0.000208107 7.3306e-05 E 2 146 180 183 192 #
0.00521202 0.000204465 -0.000219629 9.63277e-05 E 4 147 181 182 185 193 #
0.00346486 0.000461846 -0.00026301 9.98668e-05 E 2 148 181 185 186 #
0.00720747 5.62543e-06 -0.00022007 0.000111893 E 4 149 184 183 187 194 #
0.00346496 0.000461799 -0.000262989 9.98629e-05 E 2 150 184 187 188 #
0.00720753 5.60672e-06 -0.000220059 0.000111885 E 4 151 186 185 189 195 #
0.00262498 0.00043358 -0.000208117 7.33144e-05 E 2 152 186 189 190 #
0.0052124 0.000204288 -0.000219529 9.62864e-05 E 4 153 188 187 191 196 #
0.00149716 0.000377873 -0.000129549 3.70135e-05 E 1 154 188 191 #
0.0026251 0.000433492 -0.000208037 7.32757e-05 E 2 155 190 189 197 #
0.00346467 0.000461918 -0.00026302 9.986e-05 E 2 156 182 193 198 #
0.00720748 5.6351e-06 -0.000220064 0.000111883 E 4 157 183 192 194 199 #
0.0101443 -0.000370965 -0.00017959 0.000119838 E 4 158 185 193 195 200 #
0.0101446 -0.000371089 -0.000179521 0.000119807 E 4 159 187 194 196 201 #
0.00720768 5.55489e-06 -0.000220025 0.000111871 E 4 160 189 195 197 202 #
0.0034647 0.000461918 -0.000263021 9.98572e-05 E 2 161 191 196 203 #
0.00346481 0.000461895 -0.000262988 9.98158e-05 E 2 162 192 199 204 #
0.00720754 5.63332e-06 -0.000220039 0.000111851 E 4 163 193 198 200 205 #
0.0101446 -0.000371038 -0.000179517 0.00011977 E 4 164 194 199 201 206 #
0.0101444 -0.000370943 -0.000179568 0.000119791 E 4 165 195 200 202 207 #
0.00720752 5.64465e-06 -0.000220045 0.000111854 E 4 166 196 201 203 208 #
0.00346472 0.000461933 -0.000263008 9.98284e-05 E 2 167 197 202 209 #
0.00262491 0.000433649 -0.000208096 7.32537e-05 E 2 168 198 205 210 #
0.00521231 0.000204376 -0.000219538 9.62546e-05 E 4 169 199 204 206 211 #
0.00720769 5.59962e-06 -0.000220009 0.000111816 E 4 170 200 205 207 212 #
0.00720755 5.66363e-06 -0.000220046 0.000111833 E 4 171 201 206 208 213 #
0.00521236 0.000204362 -0.00021953 9.62529e-05 E 4 172 202 207 209 214 #
0.00262503 0.000433594 -0.000208067 7.32466e-05 E 2 173 203 208 215 #
0.001497 0.000377973 -0.000129557 3.69782e-05 E 1 174 204 211 #
0.00262505 0.000433579 -0.00020805 7.32367e-05 E 2 175 205 210 212 #
0.0034648 0.000461938 -0.000262998 9.97966e-05 E 2 176 206 211 213 #
0.0034648 0.000461937 -0.000262997 9.97955e-05 E 2 177 207 212 214 #
0.00262503 0.000433597 -0.000208063 7.32398e-05 E 2 178 208 213 215 #
0.00149666 0.000378138 -0.000129659 3.70272e-05 E 1 179 209 214 #
#Odd Moments 1000 8
-0.000750977 -8.79496e-05 3.87382e-05 -1.73042e-05 
-0.00116409 -6.6883e-05 5.46e-05 -3.41888e-05 
-0.00116409 -6.68865e-05 5.4604e-05 -3.41971e-05 
-0.00187373 3.79482e-05 4.72341e-05 -4.4933e-05 
-0.00116408 -6.69047e-05 5.46147e-05 -3.419e-05 
-0.00187372 3.79318e-05 4.72408e-05 -4.49183e-05 
-0.00187372 3.79279e-05 4.72425e-05 -4.49109e-05 
-0.00324755 0.000430675 -0.000111332 4.41999e-05 
-0.00116409 -6.6883e-05 5.46e-05 -3.41888e-05 
-0.00146288 -4.76883e-05 6.51385e-05 -4.66002e-05 
-0.00187373 3.79482e-05 4.72341e-05 -4.4933e-05 
-0.00240631 0.000123369 3.89935e-05 -5.22058e-05 
-0.00187372 3.79318e-05 4.72408e-05 -4.49183e-05 
-0.0024063 0.000123361 3.89911e-05 -5.21957e-05 
-0.00324755 0.000430675 -0.000111332 4.41999e-05 
-0.00432337 0.000747595 -0.000240285 0.000116026 
-0.00146288 -4.76883e-05 6.51385e-05 -4.66002e-05 
-0.00146289 -4.76735e-05 6.51221e-05 -4.65857e-05 
-0.00240631 0.000123369 3.89935e-05 -5.22058e-05 
-0.00240632 0.00012336 3.90086e-05 -5.22078e-05 
-0.0024063 0.000123361 3.89911e-05 -5.21957e-05 
-0.0024063 0.000123353 3.9003e-05 -5.22043e-05 
-0.00432337 0.000747595 -0.000240285 0.000116026 
-0.00432336 0.000747592 -0.000240284 0.000116024 
-0.00146289 -4.76735e-05 6.51221e-05 -4.65857e-05 
-0.00116406 -6.69393e-05 5.46528e-05 -3.4219e-05 
-0.00240632 0.00012336 3.90086e-05 -5.22078e-05 
-0.00187373 3.79035e-05 4.72818e-05 -4.49333e-05 
-0.0024063 0.000123353 3.9003e-05 -5.22043e-05 
-0.00187369 3.78925e-05 4.72785e-05 -4.49336e-05 
-0.00432336 0.000747592 -0.000240284 0.000116024 
-0.00324756 0.000430686 -0.000111354 4.42331e-05 
-0.00116406 -6.69393e-05 5.46528e-05 -3.4219e-05 
-0.000750979 -8.7946e-05 3.87297e-05 -1.72641e-05 
-0.00187373 3.79035e-05 4.72818e-05 -4.49333e-05 
-0.00116407 -6.69228e-05 5.46351e-05 -3.42042e-05 
-0.00187369 3.78925e-05 4.72785e-05 -4.49336e-05 
-0.00116404 -6.69272e-05 5.4628e-05 -3.42047e-05 
-0.00324756 0.000430686 -0.000111354 4.42331e-05 
-0.00187369 3.78859e-05 4.72895e-05 -4.49509e-05 
-0.00116409 -6.68865e-05 5.4604e-05 -3.41971e-05 
-0.00187373 3.79482e-05 4.72341e-05 -4.4933e-05 
-0.00146289 -4.76697e-05 6.51196e-05 -4.66068e-05 
-0.0024063 0.000123362 3.90007e-05 -5.22139e-05 
-0.00187372 3.79279e-05 4.72425e-05 -4.49109e-05 
-0.00324755 0.000430675 -0.000111332 4.41999e-05 
-0.00240631 0.00012337 3.89893e-05 -5.22056e-05 
-0.00432337 0.000747599 -0.00024029 0.000116042 
-0.00187373 3.79482e-05 4.72341e-05 -4.4933e-05 
-0.00240631 0.000123369 3.89935e-05 -5.22058e-05 
-0.0024063 0.000123362 3.90007e-05 -5.22139e-05 
-0.00313415 0.0002616 1.62879e-05 -5.59416e-05 
-0.00324755 0.000430675 -0.000111332 4.41999e-05 
-0.00432337 0.000747595 -0.000240285 0.000116026 
-0.00432337 0.000747599 -0.00024029 0.000116042 
-0.00586288 0.0012521 -0.000464248 0.000248853 
-0.00240631 0.000123369 3.89935e-05 -5.22058e-05 
-0.00240632 0.00012336 3.90086e-05 -5.22078e-05 
-0.00313415 0.0002616 1.62879e-05 -5.59416e-05 
-0.00313417 0.000261628 1.62529e-05 -5.59121e-05 
-0.00432337 0.000747595 -0.000240285 0.000116026 
-0.00432336 0.000747592 -0.000240284 0.000116024 
-0.00586288 0.0012521 -0.000464248 0.000248853 
-0.00586287 0.00125209 -0.000464238 0.000248843 
-0.00240632 0.00012336 3.90086e-05 -5.22078e-05 
-0.00187373 3.79035e-05 4.72818e-05 -4.49333e-05 
-0.00313417 0.000261628 1.62529e-05 -5.59121e-05 
-0.00240632 0.000123361 3.90025e-05 -5.21931e-05 
-0.00432336 0.000747592 -0.000240284 0.000116024 
-0.00324756 0.000430686 -0.000111354 4.42331e-05 
-0.00586287 0.00125209 -0.000464238 0.000248843 
-0.00432336 0.000747595 -0.000240297 0.000116042 
-0.00187373 3.79035e-05 4.72818e-05 -4.49333e-05 
-0.00116407 -6.69228e-05 5.46351e-05 -3.42042e-05 
-0.00240632 0.000123361 3.90025e-05 -5.21931e-05 
-0.00146291 -4.76754e-05 6.5127e-05 -4.65728e-05 
-0.00324756 0.000430686 -0.000111354 4.42331e-05 
-0.00187369 3.78859e-05 4.72895e-05 -4.49509e-05 
-0.00432336 0.000747595 -0.000240297 0.000116042 
-0.00240629 0.000123353 3.90084e-05 -5.22302e-05 
-0.00146289 -4.76697e-05 6.51196e-05 -4.66068e-05 
-0.0024063 0.000123362 3.90007e-05 -5.22139e-05 
-0.0014629 -4.76616e-05 6.51089e-05 -4.65881e-05 
-0.00240632 0.000123361 3.90019e-05 -5.22062e-05 
-0.00240631 0.00012337 3.89893e-05 -5.22056e-05 
-0.00432337 0.000747599 -0.00024029 0.000116042 
-0.0024063 0.000123352 3.9014e-05 -5.2216e-05 
-0.00432337 0.000747583 -0.00024027 0.000116032 
-0.0024063 0.000123362 3.90007e-05 -5.22139e-05 
-0.00313415 0.0002616 1.62879e-05 -5.59416e-05 
-0.00240632 0.000123361 3.90019e-05 -5.22062e-05 
-0.00313418 0.000261624 1.62583e-05 -5.59065e-05 
-0.00432337 0.000747599 -0.00024029 0.000116042 
-0.00586288 0.0012521 -0.000464248 0.000248853 
-0.00432337 0.000747583 -0.00024027 0.000116032 
-0.00586288 0.00125208 -0.000464233 0.000248844 
-0.00313415 0.0002616 1.62879e-05 -5.59416e-05 
-0.00313417 0.000261628 1.62529e-05 -5.59121e-05 
-0.00313418 0.000261624 1.62583e-05 -5.59065e-05 
-0.00313417 0.000261614 1.62677e-05 -5.59186e-05 
-0.00586288 0.0012521 -0.000464248 0.000248853 
-0.00586287 0.00125209 -0.000464238 0.000248843 
-0.00586288 0.00125208 -0.000464233 0.000248844 
-0.00586288 0.00125209 -0.000464242 0.000248851 
-0.00313417 0.000261628 1.62529e-05 -5.59121e-05 
-0.00240632 0.000123361 3.90025e-05 -5.21931e-05 
-0.00313417 0.000261614 1.62677e-05 -5.59186e-05 
-0.00240633 0.000123349 3.90164e-05 -5.21902e-05 
-0.00586287 0.00125209 -0.000464238 0.000248843 
-0.00432336 0.000747595 -0.000240297 0.000116042 
-0.00586288 0.00125209 -0.000464242 0.000248851 
-0.00432337 0.000747589 -0.00024029 0.00011605 
-0.00240632 0.000123361 3.90025e-05 -5.21931e-05 
-0.00146291 -4.76754e-05 6.5127e-05 -4.65728e-05 
-0.00240633 0.000123349 3.90164e-05 -5.21902e-05 
-0.00146292 -4.76617e-05 6.51157e-05 -4.65682e-05 
-0.00432336 0.000747595 -0.000240297 0.000116042 
-0.00240629 0.000123353 3.90084e-05 -5.22302e-05 
-0.00432337 0.000747589 -0.00024029 0.00011605 
-0.00240628 0.000123345 3.90142e-05 -5.22319e-05 
-0.0014629 -4.76616e-05 6.51089e-05 -4.65881e-05 
-0.00240632 0.000123361 3.90019e-05 -5.22062e-05 
-0.00116407 -6.69332e-05 5.46534e-05 -3.42154e-05 
-0.00187371 3.78955e-05 4.72853e-05 -4.49449e-05 
-0.0024063 0.000123352 3.9014e-05 -5.2216e-05 
-0.00432337 0.000747583 -0.00024027 0.000116032 
-0.0018737 3.78895e-05 4.72845e-05 -4.49254e-05 
-0.00324756 0.000430674 -0.000111343 4.42454e-05 
-0.00240632 0.000123361 3.90019e-05 -5.22062e-05 
-0.00313418 0.000261624 1.62583e-05 -5.59065e-05 
-0.00187371 3.78955e-05 4.72853e-05 -4.49449e-05 
-0.00240629 0.000123364 3.89836e-05 -5.22043e-05 
-0.00432337 0.000747583 -0.00024027 0.000116032 
-0.00586288 0.00125208 -0.000464233 0.000248844 
-0.00324756 0.000430674 -0.000111343 4.42454e-05 
-0.00432334 0.000747584 -0.0002403 0.000116042 
-0.00313418 0.000261624 1.62583e-05 -5.59065e-05 
-0.00313417 0.000261614 1.62677e-05 -5.59186e-05 
-0.00240629 0.000123364 3.89836e-05 -5.22043e-05 
-0.00240629 0.000123361 3.89861e-05 -5.22153e-05 
-0.00586288 0.00125208 -0.000464233 0.000248844 
-0.00586288 0.00125209 -0.000464242 0.000248851 
-0.00432334 0.000747584 -0.0002403 0.000116042 
-0.00432334 0.000747591 -0.00024031 0.000116041 
-0.00313417 0.000261614 1.62677e-05 -5.59186e-05 
-0.00240633 0.000123349 3.90164e-05 -5.21902e-05 
-0.00240629 0.000123361 3.89861e-05 -5.22153e-05 
-0.00187371 3.79169e-05 4.72514e-05 -4.49274e-05 
-0.00586288 0.00125209 -0.000464242 0.000248851 
-0.00432337 0.000747589 -0.00024029 0.00011605 
-0.00432334 0.000747591 -0.00024031 0.000116041 
-0.00324756 0.000430699 -0.000111378 4.42501e-05 
-0.00240633 0.000123349 3.90164e-05 -5.21902e-05 
-0.00146292 -4.76617e-05 6.51157e-05 -4.65682e-05 
-0.00187371 3.79169e-05 4.72514e-05 -4.49274e-05 
-0.00116408 -6.6933e-05 5.46551e-05 -3.42008e-05 
-0.00432337 0.000747589 -0.00024029 0.00011605 
-0.00240628 0.000123345 3.90142e-05 -5.22319e-05 
-0.00324756 0.000430699 -0.000111378 4.42501e-05 
-0.00187369 3.79037e-05 4.7261e-05 -4.49339e-05 
-0.00116407 -6.69332e-05 5.46534e-05 -3.42154e-05 
-0.00187371 3.78955e-05 4.72853e-05 -4.49449e-05 
-0.000750975 -8.79339e-05 3.87105e-05 -1.7275e-05 
-0.00116406 -6.69125e-05 5.46276e-05 -3.4204e-05 
-0.0018737 3.78895e-05 4.72845e-05 -4.49254e-05 
-0.00324756 0.000430674 -0.000111343 4.42454e-05 
-0.00116406 -6.69345e-05 5.46445e-05 -3.4206e-05 
-0.00187369 3.78727e-05 4.73001e-05 -4.4941e-05 
-0.00187371 3.78955e-05 4.72853e-05 -4.49449e-05 
-0.00240629 0.000123364 3.89836e-05 -5.22043e-05 
-0.00116406 -6.69125e-05 5.46276e-05 -3.4204e-05 
-0.00146288 -4.76527e-05 6.50877e-05 -4.65806e-05 
-0.00324756 0.000430674 -0.000111343 4.42454e-05 
-0.00432334 0.000747584 -0.0002403 0.000116042 
-0.00187369 3.78727e-05 4.73001e-05 -4.4941e-05 
-0.00240626 0.000123347 3.89931e-05 -5.22231e-05 
-0.00240629 0.000123364 3.89836e-05 -5.22043e-05 
-0.00240629 0.000123361 3.89861e-05 -5.22153e-05 
-0.00146288 -4.76527e-05 6.50877e-05 -4.65806e-05 
-0.00146287 -4.76483e-05 6.50758e-05 -4.65861e-05 
-0.00432334 0.000747584 -0.0002403 0.000116042 
-0.00432334 0.000747591 -0.00024031 0.000116041 
-0.00240626 0.000123347 3.89931e-05 -5.22231e-05 
-0.00240625 0.000123342 3.89989e-05 -5.22336e-05 
-0.00240629 0.000123361 3.89861e-05 -5.22153e-05 
-0.00187371 3.79169e-05 4.72514e-05 -4.49274e-05 
-0.00146287 -4.76483e-05 6.50758e-05 -4.65861e-05 
-0.00116406 -6.69235e-05 5.46361e-05 -3.42092e-05 
-0.00432334 0.000747591 -0.00024031 0.000116041 
-0.00324756 0.000430699 -0.000111378 4.42501e-05 
-0.00240625 0.000123342 3.89989e-05 -5.22336e-05 
-0.00187368 3.79027e-05 4.72616e-05 -4.49425e-05 
-0.00187371 3.79169e-05 4.72514e-05 -4.49274e-05 
-0.00116408 -6.6933e-05 5.46551e-05 -3.42008e-05 
-0.00116406 -6.69235e-05 5.46361e-05 -3.42092e-05 
-0.000750982 -8.79321e-05 3.87064e-05 -1.72491e-05 
-0.00324756 0.000430699 -0.000111378 4.42501e-05 
-0.00187369 3.79037e-05 4.7261e-05 -4.49339e-05 
-0.00187368 3.79027e-05 4.72616e-05 -4.49425e-05 
-0.00116405 -6.68969e-05 5.45886e-05 -3.41949e-05 
-0.00116408 -6.69047e-05 5.46147e-05 -3.419e-05 
-0.00187372 3.79318e-05 4.72408e-05 -4.49183e-05 
-0.00187372 3.79279e-05 4.72425e-05 -4.49109e-05 
-0.00324755 0.000430675 -0.000111332 4.41999e-05 
-0.00146288 -4.7656e-05 6.50926e-05 -4.66061e-05 
-0.00240628 0.000123372 3.8973e-05 -5.22232e-05 
-0.00240629 0.00012336 3.89904e-05 -5.22039e-05 
-0.00432337 0.000747597 -0.0002403 0.000116062 
-0.00187372 3.79318e-05 4.72408e-05 -4.49183e-05 
-0.0024063 0.000123361 3.89911e-05 -5.21957e-05 
-0.00324755 0.000430675 -0.000111332 4.41999e-05 
-0.00432337 0.000747595 -0.000240285 0.000116026 
-0.00240628 0.000123372 3.8973e-05 -5.22232e-05 
-0.00313413 0.000261613 1.62648e-05 -5.59604e-05 
-0.00432337 0.000747597 -0.0002403 0.000116062 
-0.00586288 0.00125209 -0.000464244 0.00024887 
-0.0024063 0.000123361 3.89911e-05 -5.21957e-05 
-0.0024063 0.000123353 3.9003e-05 -5.22043e-05 
-0.00432337 0.000747595 -0.000240285 0.000116026 
-0.00432336 0.000747592 -0.000240284 0.000116024 
-0.00313413 0.000261613 1.62648e-05 -5.59604e-05 
-0.00313415 0.000261637 1.62318e-05 -5.59362e-05 
-0.00586288 0.00125209 -0.000464244 0.00024887 
-0.00586286 0.00125207 -0.000464225 0.000248849 
-0.0024063 0.000123353 3.9003e-05 -5.22043e-05 
-0.00187369 3.78925e-05 4.72785e-05 -4.49336e-05 
-0.00432336 0.000747592 -0.000240284 0.000116024 
-0.00324756 0.000430686 -0.000111354 4.42331e-05 
-0.00313415 0.000261637 1.62318e-05 -5.59362e-05 
-0.00240628 0.000123364 3.89828e-05 -5.22255e-05 
-0.00586286 0.00125207 -0.000464225 0.000248849 
-0.00432334 0.000747575 -0.000240286 0.000116042 
-0.00187369 3.78925e-05 4.72785e-05 -4.49336e-05 
-0.00116404 -6.69272e-05 5.4628e-05 -3.42047e-05 
-0.00324756 0.000430686 -0.000111354 4.42331e-05 
-0.00187369 3.78859e-05 4.72895e-05 -4.49509e-05 
-0.00240628 0.000123364 3.89828e-05 -5.22255e-05 
-0.00146287 -4.76577e-05 6.50906e-05 -4.66039e-05 
-0.00432334 0.000747575 -0.000240286 0.000116042 
-0.00240628 0.000123337 3.90189e-05 -5.22283e-05 
-0.00187372 3.79279e-05 4.72425e-05 -4.49109e-05 
-0.00324755 0.000430675 -0.000111332 4.41999e-05 
-0.00240631 0.00012337 3.89893e-05 -5.22056e-05 
-0.00432337 0.000747599 -0.00024029 0.000116042 
-0.00240629 0.00012336 3.89904e-05 -5.22039e-05 
-0.00432337 0.000747597 -0.0002403 0.000116062 
-0.00313414 0.000261614 1.62693e-05 -5.59515e-05 
-0.00586289 0.00125208 -0.000464231 0.000248882 
-0.0709367 0.000430675 -0.000111332 4.41999e-05 
-0.0720125 0.000747595 -0.000240285 0.000116026 
-0.0720125 0.000747599 -0.00024029 0.000116042 
-0.073552 0.0012521 -0.000464248 0.000248853 
-0.0720125 0.000747597 -0.0002403 0.000116062 
-0.073552 0.00125209 -0.000464244 0.00024887 
-0.073552 0.00125208 -0.000464231 0.000248882 
-0.0757948 0.00205487 -0.000846324 0.000486591 
-0.113847 0.000747595 -0.000240285 0.000116026 
-0.113847 0.000747592 -0.000240284 0.000116024 
-0.115386 0.0012521 -0.000464248 0.000248853 
-0.115386 0.00125209 -0.000464238 0.000248843 
-0.115386 0.00125209 -0.000464244 0.00024887 
-0.115386 0.00125207 -0.000464225 0.000248849 
-0.117629 0.00205487 -0.000846324 0.000486591 
-0.117629 0.00205487 -0.000846334 0.000486601 
-0.113847 0.000747592 -0.000240284 0.000116024 
-0.112771 0.000430686 -0.000111354 4.42331e-05 
-0.115386 0.00125209 -0.000464238 0.000248843 
-0.113847 0.000747595 -0.000240297 0.000116042 
-0.115386 0.00125207 -0.000464225 0.000248849 
-0.113847 0.000747575 -0.000240286 0.000116042 
-0.117629 0.00205487 -0.000846334 0.000486601 
-0.115386 0.00125208 -0.00046423 0.000248874 
-0.0709367 0.000430686 -0.000111354 4.42331e-05 
-0.0695628 3.78859e-05 4.72895e-05 -4.49509e-05 
-0.0720125 0.000747595 -0.000240297 0.000116042 
-0.0700954 0.000123353 3.90084e-05 -5.22302e-05 
-0.0720125 0.000747575 -0.000240286 0.000116042 
-0.0700954 0.000123337 3.90189e-05 -5.22283e-05 
-0.073552 0.00125208 -0.00046423 0.000248874 
-0.0708233 0.000261615 1.62644e-05 -5.59607e-05 
-0.00240631 0.00012337 3.89893e-05 -5.22056e-05 
-0.00432337 0.000747599 -0.00024029 0.000116042 
-0.0024063 0.000123352 3.9014e-05 -5.2216e-05 
-0.00432337 0.000747583 -0.00024027 0.000116032 
-0.00313414 0.000261614 1.62693e-05 -5.59515e-05 
-0.00586289 0.00125208 -0.000464231 0.000248882 
-0.00313417 0.000261636 1.62467e-05 -5.59195e-05 
-0.00586289 0.00125207 -0.000464216 0.000248873 
-0.113847 0.000747599 -0.00024029 0.000116042 
-0.115386 0.0012521 -0.000464248 0.000248853 
-0.113847 0.000747583 -0.00024027 0.000116032 
-0.115386 0.00125208 -0.000464233 0.000248844 
-0.115386 0.00125208 -0.000464231 0.000248882 
-0.117629 0.00205487 -0.000846324 0.000486591 
-0.115386 0.00125207 -0.000464216 0.000248873 
-0.117629 0.00205487 -0.000846332 0.000486603 
-0.183075 0.0012521 -0.000464248 0.000248853 
-0.183075 0.00125209 -0.000464238 0.000248843 
-0.183075 0.00125208 -0.000464233 0.000248844 
-0.183075 0.00125209 -0.000464242 0.000248851 
-0.185318 0.00205487 -0.000846324 0.000486591 
-0.185318 0.00205487 -0.000846334 0.000486601 
-0.185318 0.00205487 -0.000846332 0.000486603 
-0.185318 0.00205488 -0.000846342 0.000486616 
-0.183075 0.00125209 -0.000464238 0.000248843 
-0.181536 0.000747595 -0.000240297 0.000116042 
-0.183075 0.00125209 -0.000464242 0.000248851 
-0.181536 0.000747589 -0.00024029 0.00011605 
-0.185318 0.00205487 -0.000846334 0.000486601 
-0.183075 0.00125208 -0.00046423 0.000248874 
-0.185318 0.00205488 -0.000846342 0.000486616 
-0.183075 0.00125208 -0.000464237 0.000248889 
-0.113847 0.000747595 -0.000240297 0.000116042 
-0.11193 0.000123353 3.90084e-05 -5.22302e-05 
-0.113847 0.000747589 -0.00024029 0.00011605 
-0.11193 0.000123345 3.90142e-05 -5.22319e-05 
-0.115386 0.00125208 -0.00046423 0.000248874 
-0.112657 0.000261615 1.62644e-05 -5.59607e-05 
-0.115386 0.00125208 -0.000464237 0.000248889 
-0.112657 0.000261626 1.62559e-05 -5.59276e-05 
-0.0024063 0.000123352 3.9014e-05 -5.2216e-05 
-0.00432337 0.000747583 -0.00024027 0.000116032 
-0.0018737 3.78895e-05 4.72845e-05 -4.49254e-05 
-0.00324756 0.000430674 -0.000111343 4.42454e-05 
-0.00313417 0.000261636 1.62467e-05 -5.59195e-05 
-0.00586289 0.00125207 -0.000464216 0.000248873 
-0.00240629 0.000123352 3.90054e-05 -5.22142e-05 
-0.00432336 0.000747567 -0.000240267 0.000116039 
-0.113847 0.000747583 -0.00024027 0.000116032 
-0.115386 0.00125208 -0.000464233 0.000248844 
-0.112771 0.000430674 -0.000111343 4.42454e-05 
-0.113847 0.000747584 -0.0002403 0.000116042 
-0.115386 0.00125207 -0.000464216 0.000248873 
-0.117629 0.00205487 -0.000846332 0.000486603 
-0.113847 0.000747567 -0.000240267 0.000116039 
-0.115386 0.00125208 -0.000464228 0.000248859 
-0.183075 0.00125208 -0.000464233 0.000248844 
-0.183075 0.00125209 -0.000464242 0.000248851 
-0.181536 0.000747584 -0.0002403 0.000116042 
-0.181536 0.000747591 -0.00024031 0.000116041 
-0.185318 0.00205487 -0.000846332 0.000486603 
-0.185318 0.00205488 -0.000846342 0.000486616 
-0.183075 0.00125208 -0.000464228 0.000248859 
-0.183075 0.00125208 -0.000464237 0.000248869 
-0.183075 0.00125209 -0.000464242 0.000248851 
-0.181536 0.000747589 -0.00024029 0.00011605 
-0.181536 0.000747591 -0.00024031 0.000116041 
-0.18046 0.000430699 -0.000111378 4.42501e-05 
-0.185318 0.00205488 -0.000846342 0.000486616 
-0.183075 0.00125208 -0.000464237 0.000248889 
-0.183075 0.00125208 -0.000464237 0.000248869 
-0.181536 0.000747598 -0.000240295 0.000116066 
-0.113847 0.000747589 -0.00024029 0.00011605 
-0.11193 0.000123345 3.90142e-05 -5.22319e-05 
-0.112771 0.000430699 -0.000111378 4.42501e-05 
-0.111397 3.79037e-05 4.7261e-05 -4.49339e-05 
-0.115386 0.00125208 -0.000464237 0.000248889 
-0.112657 0.000261626 1.62559e-05 -5.59276e-05 
-0.113847 0.000747598 -0.000240295 0.000116066 
-0.11193 0.000123366 3.89884e-05 -5.22049e-05 
-0.0018737 3.78895e-05 4.72845e-05 -4.49254e-05 
-0.00324756 0.000430674 -0.000111343 4.42454e-05 
-0.00116406 -6.69345e-05 5.46445e-05 -3.4206e-05 
-0.00187369 3.78727e-05 4.73001e-05 -4.4941e-05 
-0.00240629 0.000123352 3.90054e-05 -5.22142e-05 
-0.00432336 0.000747567 -0.000240267 0.000116039 
-0.00146288 -4.76557e-05 6.50893e-05 -4.65971e-05 
-0.00240629 0.000123347 3.90116e-05 -5.22281e-05 
-0.0709367 0.000430674 -0.000111343 4.42454e-05 
-0.0720125 0.000747584 -0.0002403 0.000116042 
-0.0695628 3.78727e-05 4.73001e-05 -4.4941e-05 
-0.0700954 0.000123347 3.89931e-05 -5.22231e-05 
-0.0720125 0.000747567 -0.000240267 0.000116039 
-0.073552 0.00125208 -0.000464228 0.000248859 
-0.0700954 0.000123347 3.90116e-05 -5.22281e-05 
-0.0708233 0.000261619 1.62647e-05 -5.59535e-05 
-0.113847 0.000747584 -0.0002403 0.000116042 
-0.113847 0.000747591 -0.00024031 0.000116041 
-0.11193 0.000123347 3.89931e-05 -5.22231e-05 
-0.11193 0.000123342 3.89989e-05 -5.22336e-05 
-0.115386 0.00125208 -0.000464228 0.000248859 
-0.115386 0.00125208 -0.000464237 0.000248869 
-0.112657 0.000261619 1.62647e-05 -5.59535e-05 
-0.112657 0.000261634 1.62492e-05 -5.59314e-05 
-0.113847 0.000747591 -0.00024031 0.000116041 
-0.112771 0.000430699 -0.000111378 4.42501e-05 
-0.11193 0.000123342 3.89989e-05 -5.22336e-05 
-0.111397 3.79027e-05 4.72616e-05 -4.49425e-05 
-0.115386 0.00125208 -0.000464237 0.000248869 
-0.113847 0.000747598 -0.000240295 0.000116066 
-0.112657 0.000261634 1.62492e-05 -5.59314e-05 
-0.11193 0.000123374 3.89829e-05 -5.22011e-05 
-0.0709367 0.000430699 -0.000111378 4.42501e-05 
-0.0695628 3.79037e-05 4.7261e-05 -4.49339e-05 
-0.0695628 3.79027e-05 4.72616e-05 -4.49425e-05 
-0.0688532 -6.68969e-05 5.45886e-05 -3.41949e-05 
-0.0720125 0.000747598 -0.000240295 0.000116066 
-0.0700954 0.000123366 3.89884e-05 -5.22049e-05 
-0.0700954 0.000123374 3.89829e-05 -5.22011e-05 
-0.069152 -4.76717e-05 6.5112e-05 -4.66136e-05 
-0.00146288 -4.7656e-05 6.50926e-05 -4.66061e-05 
-0.00240628 0.000123372 3.8973e-05 -5.22232e-05 
-0.00240629 0.00012336 3.89904e-05 -5.22039e-05 
-0.00432337 0.000747597 -0.0002403 0.000116062 
-0.00146289 -4.76599e-05 6.51019e-05 -4.65999e-05 
-0.0024063 0.000123365 3.89935e-05 -5.2223e-05 
-0.0024063 0.000123356 3.89998e-05 -5.22064e-05 
-0.00432337 0.000747577 -0.000240275 0.000116056 
-0.00240628 0.000123372 3.8973e-05 -5.22232e-05 
-0.00313413 0.000261613 1.62648e-05 -5.59604e-05 
-0.00432337 0.000747597 -0.0002403 0.000116062 
-0.00586288 0.00125209 -0.000464244 0.00024887 
-0.0024063 0.000123365 3.89935e-05 -5.2223e-05 
-0.00313417 0.000261639 1.62463e-05 -5.59232e-05 
-0.00432337 0.000747577 -0.000240275 0.000116056 
-0.00586289 0.00125208 -0.00046423 0.00024887 
-0.00313413 0.000261613 1.62648e-05 -5.59604e-05 
-0.00313415 0.000261637 1.62318e-05 -5.59362e-05 
-0.00586288 0.00125209 -0.000464244 0.00024887 
-0.00586286 0.00125207 -0.000464225 0.000248849 
-0.00313417 0.000261639 1.62463e-05 -5.59232e-05 
-0.00313417 0.000261629 1.62541e-05 -5.59346e-05 
-0.00586289 0.00125208 -0.00046423 0.00024887 
-0.00586287 0.00125206 -0.00046422 0.000248854 
-0.00313415 0.000261637 1.62318e-05 -5.59362e-05 
-0.00240628 0.000123364 3.89828e-05 -5.22255e-05 
-0.00586286 0.00125207 -0.000464225 0.000248849 
-0.00432334 0.000747575 -0.000240286 0.000116042 
-0.00313417 0.000261629 1.62541e-05 -5.59346e-05 
-0.00240629 0.000123359 3.89943e-05 -5.22185e-05 
-0.00586287 0.00125206 -0.00046422 0.000248854 
-0.00432334 0.000747561 -0.000240272 0.000116041 
-0.00240628 0.000123364 3.89828e-05 -5.22255e-05 
-0.00146287 -4.76577e-05 6.50906e-05 -4.66039e-05 
-0.00432334 0.000747575 -0.000240286 0.000116042 
-0.00240628 0.000123337 3.90189e-05 -5.22283e-05 
-0.00240629 0.000123359 3.89943e-05 -5.22185e-05 
-0.0014629 -4.76457e-05 6.50885e-05 -4.65799e-05 
-0.00432334 0.000747561 -0.000240272 0.000116041 
-0.00240627 0.000123337 3.90099e-05 -5.22312e-05 
-0.00240629 0.00012336 3.89904e-05 -5.22039e-05 
-0.00432337 0.000747597 -0.0002403 0.000116062 
-0.00313414 0.000261614 1.62693e-05 -5.59515e-05 
-0.00586289 0.00125208 -0.000464231 0.000248882 
-0.0024063 0.000123356 3.89998e-05 -5.22064e-05 
-0.00432337 0.000747577 -0.000240275 0.000116056 
-0.00313416 0.000261645 1.62296e-05 -5.59256e-05 
-0.00586289 0.00125209 -0.000464241 0.000248875 
-0.113847 0.000747597 -0.0002403 0.000116062 
-0.115386 0.00125209 -0.000464244 0.00024887 
-0.115386 0.00125208 -0.000464231 0.000248882 
-0.117629 0.00205487 -0.000846324 0.000486591 
-0.113847 0.000747577 -0.000240275 0.000116056 
-0.115386 0.00125208 -0.00046423 0.00024887 
-0.115386 0.00125209 -0.000464241 0.000248875 
-0.117629 0.00205488 -0.000846349 0.000486599 
-0.183075 0.00125209 -0.000464244 0.00024887 
-0.183075 0.00125207 -0.000464225 0.000248849 
-0.185318 0.00205487 -0.000846324 0.000486591 
-0.185318 0.00205487 -0.000846334 0.000486601 
-0.183075 0.00125208 -0.00046423 0.00024887 
-0.183075 0.00125206 -0.00046422 0.000248854 
-0.185318 0.00205488 -0.000846349 0.000486599 
-0.185318 0.00205488 -0.000846353 0.0004866 
-0.183075 0.00125207 -0.000464225 0.000248849 
-0.181536 0.000747575 -0.000240286 0.000116042 
-0.185318 0.00205487 -0.000846334 0.000486601 
-0.183075 0.00125208 -0.00046423 0.000248874 
-0.183075 0.00125206 -0.00046422 0.000248854 
-0.181536 0.000747561 -0.000240272 0.000116041 
-0.185318 0.00205488 -0.000846353 0.0004866 
-0.183075 0.00125208 -0.00046424 0.000248865 
-0.113847 0.000747575 -0.000240286 0.000116042 
-0.11193 0.000123337 3.90189e-05 -5.22283e-05 
-0.115386 0.00125208 -0.00046423 0.000248874 
-0.112657 0.000261615 1.62644e-05 -5.59607e-05 
-0.113847 0.000747561 -0.000240272 0.000116041 
-0.11193 0.000123337 3.90099e-05 -5.22312e-05 
-0.115386 0.00125208 -0.00046424 0.000248865 
-0.112657 0.000261627 1.62453e-05 -5.59475e-05 
-0.00313414 0.000261614 1.62693e-05 -5.59515e-05 
-0.00586289 0.00125208 -0.000464231 0.000248882 
-0.00313417 0.000261636 1.62467e-05 -5.59195e-05 
-0.00586289 0.00125207 -0.000464216 0.000248873 
-0.00313416 0.000261645 1.62296e-05 -5.59256e-05 
-0.00586289 0.00125209 -0.000464241 0.000248875 
-0.00313414 0.000261619 1.62567e-05 -5.59509e-05 
-0.00586287 0.00125207 -0.000464234 0.000248855 
-0.183075 0.00125208 -0.000464231 0.000248882 
-0.185318 0.00205487 -0.000846324 0.000486591 
-0.183075 0.00125207 -0.000464216 0.000248873 
-0.185318 0.00205487 -0.000846332 0.000486603 
-0.183075 0.00125209 -0.000464241 0.000248875 
-0.185318 0.00205488 -0.000846349 0.000486599 
-0.183075 0.00125207 -0.000464234 0.000248855 
-0.185318 0.00205488 -0.000846352 0.000486594 
-0.294841 0.00205487 -0.000846324 0.000486591 
-0.294841 0.00205487 -0.000846334 0.000486601 
-0.294841 0.00205487 -0.000846332 0.000486603 
-0.294841 0.00205488 -0.000846342 0.000486616 
-0.294841 0.00205488 -0.000846349 0.000486599 
-0.294841 0.00205488 -0.000846353 0.0004866 
-0.294841 0.00205488 -0.000846352 0.000486594 
-0.294841 0.00205487 -0.000846345 0.000486598 
-0.294841 0.00205487 -0.000846334 0.000486601 
-0.292599 0.00125208 -0.00046423 0.000248874 
-0.294841 0.00205488 -0.000846342 0.000486616 
-0.292599 0.00125208 -0.000464237 0.000248889 
-0.294841 0.00205488 -0.000846353 0.0004866 
-0.292599 0.00125208 -0.00046424 0.000248865 
-0.294841 0.00205487 -0.000846345 0.000486598 
-0.292599 0.00125208 -0.000464252 0.000248873 
-0.183075 0.00125208 -0.00046423 0.000248874 
-0.180347 0.000261615 1.62644e-05 -5.59607e-05 
-0.183075 0.00125208 -0.000464237 0.000248889 
-0.180347 0.000261626 1.62559e-05 -5.59276e-05 
-0.183075 0.00125208 -0.00046424 0.000248865 
-0.180347 0.000261627 1.62453e-05 -5.59475e-05 
-0.183075 0.00125208 -0.000464252 0.000248873 
-0.180347 0.000261626 1.62419e-05 -5.59339e-05 
-0.00313417 0.000261636 1.62467e-05 -5.59195e-05 
-0.00586289 0.00125207 -0.000464216 0.000248873 
-0.00240629 0.000123352 3.90054e-05 -5.22142e-05 
-0.00432336 0.000747567 -0.000240267 0.000116039 
-0.00313414 0.000261619 1.62567e-05 -5.59509e-05 
-0.00586287 0.00125207 -0.000464234 0.000248855 
-0.00240629 0.000123346 3.90046e-05 -5.22147e-05 
-0.00432334 0.000747561 -0.000240272 0.000116035 
-0.183075 0.00125207 -0.000464216 0.000248873 
-0.185318 0.00205487 -0.000846332 0.000486603 
-0.181536 0.000747567 -0.000240267 0.000116039 
-0.183075 0.00125208 -0.000464228 0.000248859 
-0.183075 0.00125207 -0.000464234 0.000248855 
-0.185318 0.00205488 -0.000846352 0.000486594 
-0.181536 0.000747561 -0.000240272 0.000116035 
-0.183075 0.00125207 -0.00046423 0.000248863 
-0.294841 0.00205487 -0.000846332 0.000486603 
-0.294841 0.00205488 -0.000846342 0.000486616 
-0.292599 0.00125208 -0.000464228 0.000248859 
-0.292599 0.00125208 -0.000464237 0.000248869 
-0.294841 0.00205488 -0.000846352 0.000486594 
-0.294841 0.00205487 -0.000846345 0.000486598 
-0.292599 0.00125207 -0.00046423 0.000248863 
-0.292599 0.00125208 -0.000464241 0.000248875 
-0.294841 0.00205488 -0.000846342 0.000486616 
-0.292599 0.00125208 -0.000464237 0.000248889 
-0.292599 0.00125208 -0.000464237 0.000248869 
-0.291059 0.000747598 -0.000240295 0.000116066 
-0.294841 0.00205487 -0.000846345 0.000486598 
-0.292599 0.00125208 -0.000464252 0.000248873 
-0.292599 0.00125208 -0.000464241 0.000248875 
-0.291059 0.000747605 -0.000240318 0.000116084 
-0.183075 0.00125208 -0.000464237 0.000248889 
-0.180347 0.000261626 1.62559e-05 -5.59276e-05 
-0.181536 0.000747598 -0.000240295 0.000116066 
-0.179619 0.000123366 3.89884e-05 -5.22049e-05 
-0.183075 0.00125208 -0.000464252 0.000248873 
-0.180347 0.000261626 1.62419e-05 -5.59339e-05 
-0.181536 0.000747605 -0.000240318 0.000116084 
-0.179619 0.000123353 3.89999e-05 -5.22054e-05 
-0.00240629 0.000123352 3.90054e-05 -5.22142e-05 
-0.00432336 0.000747567 -0.000240267 0.000116039 
-0.00146288 -4.76557e-05 6.50893e-05 -4.65971e-05 
-0.00240629 0.000123347 3.90116e-05 -5.22281e-05 
-0.00240629 0.000123346 3.90046e-05 -5.22147e-05 
-0.00432334 0.000747561 -0.000240272 0.000116035 
-0.00146289 -4.76522e-05 6.5086e-05 -4.65873e-05 
-0.00240628 0.000123344 3.90048e-05 -5.22263e-05 
-0.113847 0.000747567 -0.000240267 0.000116039 
-0.115386 0.00125208 -0.000464228 0.000248859 
-0.11193 0.000123347 3.90116e-05 -5.22281e-05 
-0.112657 0.000261619 1.62647e-05 -5.59535e-05 
-0.113847 0.000747561 -0.000240272 0.000116035 
-0.115386 0.00125207 -0.00046423 0.000248863 
-0.11193 0.000123344 3.90048e-05 -5.22263e-05 
-0.112657 0.000261622 1.62553e-05 -5.59362e-05 
-0.183075 0.00125208 -0.000464228 0.000248859 
-0.183075 0.00125208 -0.000464237 0.000248869 
-0.180347 0.000261619 1.62647e-05 -5.59535e-05 
-0.180347 0.000261634 1.62492e-05 -5.59314e-05 
-0.183075 0.00125207 -0.00046423 0.000248863 
-0.183075 0.00125208 -0.000464241 0.000248875 
-0.180347 0.000261622 1.62553e-05 -5.59362e-05 
-0.180347 0.000261621 1.62575e-05 -5.59296e-05 
-0.183075 0.00125208 -0.000464237 0.000248869 
-0.181536 0.000747598 -0.000240295 0.000116066 
-0.180347 0.000261634 1.62492e-05 -5.59314e-05 
-0.179619 0.000123374 3.89829e-05 -5.22011e-05 
-0.183075 0.00125208 -0.000464241 0.000248875 
-0.181536 0.000747605 -0.000240318 0.000116084 
-0.180347 0.000261621 1.62575e-05 -5.59296e-05 
-0.179619 0.000123351 3.9e-05 -5.22123e-05 
-0.113847 0.000747598 -0.000240295 0.000116066 
-0.11193 0.000123366 3.89884e-05 -5.22049e-05 
-0.11193 0.000123374 3.89829e-05 -5.22011e-05 
-0.110986 -4.76717e-05 6.5112e-05 -4.66136e-05 
-0.113847 0.000747605 -0.000240318 0.000116084 
-0.11193 0.000123353 3.89999e-05 -5.22054e-05 
-0.11193 0.000123351 3.9e-05 -5.22123e-05 
-0.110986 -4.76603e-05 6.50977e-05 -4.65972e-05 
-0.00146289 -4.76599e-05 6.51019e-05 -4.65999e-05 
-0.0024063 0.000123365 3.89935e-05 -5.2223e-05 
-0.0024063 0.000123356 3.89998e-05 -5.22064e-05 
-0.00432337 0.000747577 -0.000240275 0.000116056 
-0.00116405 -6.69297e-05 5.46366e-05 -3.42283e-05 
-0.0018737 3.78998e-05 4.72708e-05 -4.49382e-05 
-0.00187368 3.7889e-05 4.72704e-05 -4.49439e-05 
-0.00324755 0.000430683 -0.000111363 4.42626e-05 
-0.0024063 0.000123365 3.89935e-05 -5.2223e-05 
-0.00313417 0.000261639 1.62463e-05 -5.59232e-05 
-0.00432337 0.000747577 -0.000240275 0.000116056 
-0.00586289 0.00125208 -0.00046423 0.00024887 
-0.0018737 3.78998e-05 4.72708e-05 -4.49382e-05 
-0.00240628 0.000123354 3.8998e-05 -5.22144e-05 
-0.00324755 0.000430683 -0.000111363 4.42626e-05 
-0.00432334 0.000747575 -0.000240286 0.000116053 
-0.00313417 0.000261639 1.62463e-05 -5.59232e-05 
-0.00313417 0.000261629 1.62541e-05 -5.59346e-05 
-0.00586289 0.00125208 -0.00046423 0.00024887 
-0.00586287 0.00125206 -0.00046422 0.000248854 
-0.00240628 0.000123354 3.8998e-05 -5.22144e-05 
-0.00240628 0.000123354 3.90002e-05 -5.2229e-05 
-0.00432334 0.000747575 -0.000240286 0.000116053 
-0.00432333 0.000747565 -0.000240281 0.000116049 
-0.00313417 0.000261629 1.62541e-05 -5.59346e-05 
-0.00240629 0.000123359 3.89943e-05 -5.22185e-05 
-0.00586287 0.00125206 -0.00046422 0.000248854 
-0.00432334 0.000747561 -0.000240272 0.000116041 
-0.00240628 0.000123354 3.90002e-05 -5.2229e-05 
-0.00187369 3.79106e-05 4.72543e-05 -4.49415e-05 
-0.00432333 0.000747565 -0.000240281 0.000116049 
-0.00324752 0.000430668 -0.000111358 4.42391e-05 
-0.00240629 0.000123359 3.89943e-05 -5.22185e-05 
-0.0014629 -4.76457e-05 6.50885e-05 -4.65799e-05 
-0.00432334 0.000747561 -0.000240272 0.000116041 
-0.00240627 0.000123337 3.90099e-05 -5.22312e-05 
-0.00187369 3.79106e-05 4.72543e-05 -4.49415e-05 
-0.00116405 -6.69179e-05 5.46264e-05 -3.42166e-05 
-0.00324752 0.000430668 -0.000111358 4.42391e-05 
-0.00187366 3.78809e-05 4.72741e-05 -4.49551e-05 
-0.0024063 0.000123356 3.89998e-05 -5.22064e-05 
-0.00432337 0.000747577 -0.000240275 0.000116056 
-0.00313416 0.000261645 1.62296e-05 -5.59256e-05 
-0.00586289 0.00125209 -0.000464241 0.000248875 
-0.00187368 3.7889e-05 4.72704e-05 -4.49439e-05 
-0.00324755 0.000430683 -0.000111363 4.42626e-05 
-0.00240625 0.000123358 3.89767e-05 -5.22279e-05 
-0.00432333 0.000747581 -0.0002403 0.000116044 
-0.113847 0.000747577 -0.000240275 0.000116056 
-0.115386 0.00125208 -0.00046423 0.00024887 
-0.115386 0.00125209 -0.000464241 0.000248875 
-0.117629 0.00205488 -0.000846349 0.000486599 
-0.112771 0.000430683 -0.000111363 4.42626e-05 
-0.113847 0.000747575 -0.000240286 0.000116053 
-0.113847 0.000747581 -0.0002403 0.000116044 
-0.115386 0.00125208 -0.000464227 0.000248862 
-0.183075 0.00125208 -0.00046423 0.00024887 
-0.183075 0.00125206 -0.00046422 0.000248854 
-0.185318 0.00205488 -0.000846349 0.000486599 
-0.185318 0.00205488 -0.000846353 0.0004866 
-0.181536 0.000747575 -0.000240286 0.000116053 
-0.181536 0.000747565 -0.000240281 0.000116049 
-0.183075 0.00125208 -0.000464227 0.000248862 
-0.183075 0.00125208 -0.000464234 0.000248862 
-0.183075 0.00125206 -0.00046422 0.000248854 
-0.181536 0.000747561 -0.000240272 0.000116041 
-0.185318 0.00205488 -0.000846353 0.0004866 
-0.183075 0.00125208 -0.00046424 0.000248865 
-0.181536 0.000747565 -0.000240281 0.000116049 
-0.18046 0.000430668 -0.000111358 4.42391e-05 
-0.183075 0.00125208 -0.000464234 0.000248862 
-0.181536 0.000747582 -0.000240301 0.000116037 
-0.113847 0.000747561 -0.000240272 0.000116041 
-0.11193 0.000123337 3.90099e-05 -5.22312e-05 
-0.115386 0.00125208 -0.00046424 0.000248865 
-0.112657 0.000261627 1.62453e-05 -5.59475e-05 
-0.112771 0.000430668 -0.000111358 4.42391e-05 
-0.111397 3.78809e-05 4.72741e-05 -4.49551e-05 
-0.113847 0.000747582 -0.000240301 0.000116037 
-0.11193 0.000123363 3.89685e-05 -5.2232e-05 
-0.00313416 0.000261645 1.62296e-05 -5.59256e-05 
-0.00586289 0.00125209 -0.000464241 0.000248875 
-0.00313414 0.000261619 1.62567e-05 -5.59509e-05 
-0.00586287 0.00125207 -0.000464234 0.000248855 
-0.00240625 0.000123358 3.89767e-05 -5.22279e-05 
-0.00432333 0.000747581 -0.0002403 0.000116044 
-0.00240625 0.000123348 3.89846e-05 -5.22287e-05 
-0.00432332 0.000747574 -0.000240299 0.000116036 
-0.183075 0.00125209 -0.000464241 0.000248875 
-0.185318 0.00205488 -0.000846349 0.000486599 
-0.183075 0.00125207 -0.000464234 0.000248855 
-0.185318 0.00205488 -0.000846352 0.000486594 
-0.181536 0.000747581 -0.0002403 0.000116044 
-0.183075 0.00125208 -0.000464227 0.000248862 
-0.181536 0.000747574 -0.000240299 0.000116036 
-0.183075 0.00125207 -0.000464232 0.000248869 
-0.294841 0.00205488 -0.000846349 0.000486599 
-0.294841 0.00205488 -0.000846353 0.0004866 
-0.294841 0.00205488 -0.000846352 0.000486594 
-0.294841 0.00205487 -0.000846345 0.000486598 
-0.292599 0.00125208 -0.000464227 0.000248862 
-0.292599 0.00125208 -0.000464234 0.000248862 
-0.292599 0.00125207 -0.000464232 0.000248869 
-0.292599 0.00125207 -0.000464231 0.000248871 
-0.294841 0.00205488 -0.000846353 0.0004866 
-0.292599 0.00125208 -0.00046424 0.000248865 
-0.294841 0.00205487 -0.000846345 0.000486598 
-0.292599 0.00125208 -0.000464252 0.000248873 
-0.292599 0.00125208 -0.000464234 0.000248862 
-0.291059 0.000747582 -0.000240301 0.000116037 
-0.292599 0.00125207 -0.000464231 0.000248871 
-0.291059 0.000747592 -0.000240323 0.000116061 
-0.183075 0.00125208 -0.00046424 0.000248865 
-0.180347 0.000261627 1.62453e-05 -5.59475e-05 
-0.183075 0.00125208 -0.000464252 0.000248873 
-0.180347 0.000261626 1.62419e-05 -5.59339e-05 
-0.181536 0.000747582 -0.000240301 0.000116037 
-0.179619 0.000123363 3.89685e-05 -5.2232e-05 
-0.181536 0.000747592 -0.000240323 0.000116061 
-0.179619 0.000123348 3.89838e-05 -5.2225e-05 
-0.00313414 0.000261619 1.62567e-05 -5.59509e-05 
-0.00586287 0.00125207 -0.000464234 0.000248855 
-0.00240629 0.000123346 3.90046e-05 -5.22147e-05 
-0.00432334 0.000747561 -0.000240272 0.000116035 
-0.00240625 0.000123348 3.89846e-05 -5.22287e-05 
-0.00432332 0.000747574 -0.000240299 0.000116036 
-0.00187368 3.78902e-05 4.72616e-05 -4.49371e-05 
-0.00324752 0.00043066 -0.000111355 4.42386e-05 
-0.183075 0.00125207 -0.000464234 0.000248855 
-0.185318 0.00205488 -0.000846352 0.000486594 
-0.181536 0.000747561 -0.000240272 0.000116035 
-0.183075 0.00125207 -0.00046423 0.000248863 
-0.181536 0.000747574 -0.000240299 0.000116036 
-0.183075 0.00125207 -0.000464232 0.000248869 
-0.18046 0.00043066 -0.000111355 4.42386e-05 
-0.181536 0.000747565 -0.000240285 0.000116053 
-0.294841 0.00205488 -0.000846352 0.000486594 
-0.294841 0.00205487 -0.000846345 0.000486598 
-0.292599 0.00125207 -0.00046423 0.000248863 
-0.292599 0.00125208 -0.000464241 0.000248875 
-0.292599 0.00125207 -0.000464232 0.000248869 
-0.292599 0.00125207 -0.000464231 0.000248871 
-0.291059 0.000747565 -0.000240285 0.000116053 
-0.291059 0.00074758 -0.000240301 0.00011607 
-0.294841 0.00205487 -0.000846345 0.000486598 
-0.292599 0.00125208 -0.000464252 0.000248873 
-0.292599 0.00125208 -0.000464241 0.000248875 
-0.291059 0.000747605 -0.000240318 0.000116084 
-0.292599 0.00125207 -0.000464231 0.000248871 
-0.291059 0.000747592 -0.000240323 0.000116061 
-0.291059 0.00074758 -0.000240301 0.00011607 
-0.289983 0.000430672 -0.000111365 4.42522e-05 
-0.183075 0.00125208 -0.000464252 0.000248873 
-0.180347 0.000261626 1.62419e-05 -5.59339e-05 
-0.181536 0.000747605 -0.000240318 0.000116084 
-0.179619 0.000123353 3.89999e-05 -5.22054e-05 
-0.181536 0.000747592 -0.000240323 0.000116061 
-0.179619 0.000123348 3.89838e-05 -5.2225e-05 
-0.18046 0.000430672 -0.000111365 4.42522e-05 
-0.179086 3.78909e-05 4.72632e-05 -4.49378e-05 
-0.00240629 0.000123346 3.90046e-05 -5.22147e-05 
-0.00432334 0.000747561 -0.000240272 0.000116035 
-0.00146289 -4.76522e-05 6.5086e-05 -4.65873e-05 
-0.00240628 0.000123344 3.90048e-05 -5.22263e-05 
-0.00187368 3.78902e-05 4.72616e-05 -4.49371e-05 
-0.00324752 0.00043066 -0.000111355 4.42386e-05 
-0.00116406 -6.69313e-05 5.46302e-05 -3.42024e-05 
-0.00187368 3.78729e-05 4.72798e-05 -4.4941e-05 
-0.113847 0.000747561 -0.000240272 0.000116035 
-0.115386 0.00125207 -0.00046423 0.000248863 
-0.11193 0.000123344 3.90048e-05 -5.22263e-05 
-0.112657 0.000261622 1.62553e-05 -5.59362e-05 
-0.112771 0.00043066 -0.000111355 4.42386e-05 
-0.113847 0.000747565 -0.000240285 0.000116053 
-0.111397 3.78729e-05 4.72798e-05 -4.4941e-05 
-0.11193 0.000123335 3.90032e-05 -5.22107e-05 
-0.183075 0.00125207 -0.00046423 0.000248863 
-0.183075 0.00125208 -0.000464241 0.000248875 
-0.180347 0.000261622 1.62553e-05 -5.59362e-05 
-0.180347 0.000261621 1.62575e-05 -5.59296e-05 
-0.181536 0.000747565 -0.000240285 0.000116053 
-0.181536 0.00074758 -0.000240301 0.00011607 
-0.179619 0.000123335 3.90032e-05 -5.22107e-05 
-0.179619 0.000123332 3.90079e-05 -5.22126e-05 
-0.183075 0.00125208 -0.000464241 0.000248875 
-0.181536 0.000747605 -0.000240318 0.000116084 
-0.180347 0.000261621 1.62575e-05 -5.59296e-05 
-0.179619 0.000123351 3.9e-05 -5.22123e-05 
-0.181536 0.00074758 -0.000240301 0.00011607 
-0.18046 0.000430672 -0.000111365 4.42522e-05 
-0.179619 0.000123332 3.90079e-05 -5.22126e-05 
-0.179086 3.78818e-05 4.72732e-05 -4.49315e-05 
-0.113847 0.000747605 -0.000240318 0.000116084 
-0.11193 0.000123353 3.89999e-05 -5.22054e-05 
-0.11193 0.000123351 3.9e-05 -5.22123e-05 
-0.110986 -4.76603e-05 6.50977e-05 -4.65972e-05 
-0.112771 0.000430672 -0.000111365 4.42522e-05 
-0.111397 3.78909e-05 4.72632e-05 -4.49378e-05 
-0.111397 3.78818e-05 4.72732e-05 -4.49315e-05 
-0.110687 -6.69147e-05 5.46179e-05 -3.4192e-05 
-0.00116405 -6.69297e-05 5.46366e-05 -3.42283e-05 
-0.0018737 3.78998e-05 4.72708e-05 -4.49382e-05 
-0.00187368 3.7889e-05 4.72704e-05 -4.49439e-05 
-0.00324755 0.000430683 -0.000111363 4.42626e-05 
-0.000750937 -8.79298e-05 3.86964e-05 -1.72879e-05 
-0.00116402 -6.69114e-05 5.46154e-05 -3.42153e-05 
-0.00116402 -6.69151e-05 5.46091e-05 -3.42095e-05 
-0.00187365 3.78742e-05 4.72889e-05 -4.49529e-05 
-0.0018737 3.78998e-05 4.72708e-05 -4.49382e-05 
-0.00240628 0.000123354 3.8998e-05 -5.22144e-05 
-0.00324755 0.000430683 -0.000111363 4.42626e-05 
-0.00432334 0.000747575 -0.000240286 0.000116053 
-0.00116402 -6.69114e-05 5.46154e-05 -3.42153e-05 
-0.00146285 -4.76424e-05 6.50772e-05 -4.66045e-05 
-0.00187365 3.78742e-05 4.72889e-05 -4.49529e-05 
-0.00240624 0.000123343 3.89992e-05 -5.22167e-05 
-0.00240628 0.000123354 3.8998e-05 -5.22144e-05 
-0.00240628 0.000123354 3.90002e-05 -5.2229e-05 
-0.00432334 0.000747575 -0.000240286 0.000116053 
-0.00432333 0.000747565 -0.000240281 0.000116049 
-0.00146285 -4.76424e-05 6.50772e-05 -4.66045e-05 
-0.00146285 -4.76341e-05 6.50699e-05 -4.66027e-05 
-0.00240624 0.000123343 3.89992e-05 -5.22167e-05 
-0.00240625 0.000123345 3.89984e-05 -5.22131e-05 
-0.00240628 0.000123354 3.90002e-05 -5.2229e-05 
-0.00187369 3.79106e-05 4.72543e-05 -4.49415e-05 
-0.00432333 0.000747565 -0.000240281 0.000116049 
-0.00324752 0.000430668 -0.000111358 4.42391e-05 
-0.00146285 -4.76341e-05 6.50699e-05 -4.66027e-05 
-0.00116405 -6.68959e-05 5.4609e-05 -3.42134e-05 
-0.00240625 0.000123345 3.89984e-05 -5.22131e-05 
-0.00187366 3.78934e-05 4.72662e-05 -4.49337e-05 
-0.00187369 3.79106e-05 4.72543e-05 -4.49415e-05 
-0.00116405 -6.69179e-05 5.46264e-05 -3.42166e-05 
-0.00324752 0.000430668 -0.000111358 4.42391e-05 
-0.00187366 3.78809e-05 4.72741e-05 -4.49551e-05 
-0.00116405 -6.68959e-05 5.4609e-05 -3.42134e-05 
-0.000750968 -8.79177e-05 3.86966e-05 -1.7273e-05 
-0.00187366 3.78934e-05 4.72662e-05 -4.49337e-05 
-0.00116403 -6.69037e-05 5.45938e-05 -3.41953e-05 
-0.00187368 3.7889e-05 4.72704e-05 -4.49439e-05 
-0.00324755 0.000430683 -0.000111363 4.42626e-05 
-0.00240625 0.000123358 3.89767e-05 -5.22279e-05 
-0.00432333 0.000747581 -0.0002403 0.000116044 
-0.00116402 -6.69151e-05 5.46091e-05 -3.42095e-05 
-0.00187365 3.78742e-05 4.72889e-05 -4.49529e-05 
-0.00146284 -4.76677e-05 6.50855e-05 -4.66013e-05 
-0.00240625 0.000123336 3.90019e-05 -5.2212e-05 
-0.0709367 0.000430683 -0.000111363 4.42626e-05 
-0.0720125 0.000747575 -0.000240286 0.000116053 
-0.0720125 0.000747581 -0.0002403 0.000116044 
-0.073552 0.00125208 -0.000464227 0.000248862 
-0.0695628 3.78742e-05 4.72889e-05 -4.49529e-05 
-0.0700954 0.000123343 3.89992e-05 -5.22167e-05 
-0.0700954 0.000123336 3.90019e-05 -5.2212e-05 
-0.0708233 0.000261608 1.62657e-05 -5.59243e-05 
-0.113847 0.000747575 -0.000240286 0.000116053 
-0.113847 0.000747565 -0.000240281 0.000116049 
-0.115386 0.00125208 -0.000464227 0.000248862 
-0.115386 0.00125208 -0.000464234 0.000248862 
-0.11193 0.000123343 3.89992e-05 -5.22167e-05 
-0.11193 0.000123345 3.89984e-05 -5.22131e-05 
-0.112657 0.000261608 1.62657e-05 -5.59243e-05 
-0.112657 0.000261622 1.62516e-05 -5.59097e-05 
-0.113847 0.000747565 -0.000240281 0.000116049 
-0.112771 0.000430668 -0.000111358 4.42391e-05 
-0.115386 0.00125208 -0.000464234 0.000248862 
-0.113847 0.000747582 -0.000240301 0.000116037 
-0.11193 0.000123345 3.89984e-05 -5.22131e-05 
-0.111397 3.78934e-05 4.72662e-05 -4.49337e-05 
-0.112657 0.000261622 1.62516e-05 -5.59097e-05 
-0.11193 0.000123348 3.89911e-05 -5.22063e-05 
-0.0709366 0.000430668 -0.000111358 4.42391e-05 
-0.0695628 3.78809e-05 4.72741e-05 -4.49551e-05 
-0.0720125 0.000747582 -0.000240301 0.000116037 
-0.0700954 0.000123363 3.89685e-05 -5.2232e-05 
-0.0695628 3.78934e-05 4.72662e-05 -4.49337e-05 
-0.0688532 -6.69037e-05 5.45938e-05 -3.41953e-05 
-0.0700954 0.000123348 3.89911e-05 -5.22063e-05 
-0.069152 -4.76668e-05 6.50877e-05 -4.66e-05 
-0.00240625 0.000123358 3.89767e-05 -5.22279e-05 
-0.00432333 0.000747581 -0.0002403 0.000116044 
-0.00240625 0.000123348 3.89846e-05 -5.22287e-05 
-0.00432332 0.000747574 -0.000240299 0.000116036 
-0.00146284 -4.76677e-05 6.50855e-05 -4.66013e-05 
-0.00240625 0.000123336 3.90019e-05 -5.2212e-05 
-0.00146287 -4.7676e-05 6.50951e-05 -4.65807e-05 
-0.00240627 0.000123322 3.90083e-05 -5.21971e-05 
-0.113847 0.000747581 -0.0002403 0.000116044 
-0.115386 0.00125208 -0.000464227 0.000248862 
-0.113847 0.000747574 -0.000240299 0.000116036 
-0.115386 0.00125207 -0.000464232 0.000248869 
-0.11193 0.000123336 3.90019e-05 -5.2212e-05 
-0.112657 0.000261608 1.62657e-05 -5.59243e-05 
-0.11193 0.000123322 3.90083e-05 -5.21971e-05 
-0.112657 0.000261598 1.62696e-05 -5.58928e-05 
-0.183075 0.00125208 -0.000464227 0.000248862 
-0.183075 0.00125208 -0.000464234 0.000248862 
-0.183075 0.00125207 -0.000464232 0.000248869 
-0.183075 0.00125207 -0.000464231 0.000248871 
-0.180347 0.000261608 1.62657e-05 -5.59243e-05 
-0.180347 0.000261622 1.62516e-05 -5.59097e-05 
-0.180347 0.000261598 1.62696e-05 -5.58928e-05 
-0.180347 0.000261586 1.62814e-05 -5.59023e-05 
-0.183075 0.00125208 -0.000464234 0.000248862 
-0.181536 0.000747582 -0.000240301 0.000116037 
-0.183075 0.00125207 -0.000464231 0.000248871 
-0.181536 0.000747592 -0.000240323 0.000116061 
-0.180347 0.000261622 1.62516e-05 -5.59097e-05 
-0.179619 0.000123348 3.89911e-05 -5.22063e-05 
-0.180347 0.000261586 1.62814e-05 -5.59023e-05 
-0.179619 0.000123321 3.90091e-05 -5.21986e-05 
-0.113847 0.000747582 -0.000240301 0.000116037 
-0.11193 0.000123363 3.89685e-05 -5.2232e-05 
-0.113847 0.000747592 -0.000240323 0.000116061 
-0.11193 0.000123348 3.89838e-05 -5.2225e-05 
-0.11193 0.000123348 3.89911e-05 -5.22063e-05 
-0.110986 -4.76668e-05 6.50877e-05 -4.66e-05 
-0.11193 0.000123321 3.90091e-05 -5.21986e-05 
-0.110986 -4.76813e-05 6.50971e-05 -4.65866e-05 
-0.00240625 0.000123348 3.89846e-05 -5.22287e-05 
-0.00432332 0.000747574 -0.000240299 0.000116036 
-0.00187368 3.78902e-05 4.72616e-05 -4.49371e-05 
-0.00324752 0.00043066 -0.000111355 4.42386e-05 
-0.00146287 -4.7676e-05 6.50951e-05 -4.65807e-05 
-0.00240627 0.000123322 3.90083e-05 -5.21971e-05 
-0.00116407 -6.69372e-05 5.46327e-05 -3.41851e-05 
-0.00187369 3.78601e-05 4.72873e-05 -4.49188e-05 
-0.113847 0.000747574 -0.000240299 0.000116036 
-0.115386 0.00125207 -0.000464232 0.000248869 
-0.112771 0.00043066 -0.000111355 4.42386e-05 
-0.113847 0.000747565 -0.000240285 0.000116053 
-0.11193 0.000123322 3.90083e-05 -5.21971e-05 
-0.112657 0.000261598 1.62696e-05 -5.58928e-05 
-0.111397 3.78601e-05 4.72873e-05 -4.49188e-05 
-0.11193 0.00012332 3.90134e-05 -5.21809e-05 
-0.183075 0.00125207 -0.000464232 0.000248869 
-0.183075 0.00125207 -0.000464231 0.000248871 
-0.181536 0.000747565 -0.000240285 0.000116053 
-0.181536 0.00074758 -0.000240301 0.00011607 
-0.180347 0.000261598 1.62696e-05 -5.58928e-05 
-0.180347 0.000261586 1.62814e-05 -5.59023e-05 
-0.179619 0.00012332 3.90134e-05 -5.21809e-05 
-0.179619 0.000123313 3.90214e-05 -5.21886e-05 
-0.183075 0.00125207 -0.000464231 0.000248871 
-0.181536 0.000747592 -0.000240323 0.000116061 
-0.181536 0.00074758 -0.000240301 0.00011607 
-0.18046 0.000430672 -0.000111365 4.42522e-05 
-0.180347 0.000261586 1.62814e-05 -5.59023e-05 
-0.179619 0.000123321 3.90091e-05 -5.21986e-05 
-0.179619 0.000123313 3.90214e-05 -5.21886e-05 
-0.179086 3.78624e-05 4.7285e-05 -4.4918e-05 
-0.113847 0.000747592 -0.000240323 0.000116061 
-0.11193 0.000123348 3.89838e-05 -5.2225e-05 
-0.112771 0.000430672 -0.000111365 4.42522e-05 
-0.111397 3.78909e-05 4.72632e-05 -4.49378e-05 
-0.11193 0.000123321 3.90091e-05 -5.21986e-05 
-0.110986 -4.76813e-05 6.50971e-05 -4.65866e-05 
-0.111397 3.78624e-05 4.7285e-05 -4.4918e-05 
-0.110687 -6.69302e-05 5.46235e-05 -3.41817e-05 
-0.00187368 3.78902e-05 4.72616e-05 -4.49371e-05 
-0.00324752 0.00043066 -0.000111355 4.42386e-05 
-0.00116406 -6.69313e-05 5.46302e-05 -3.42024e-05 
-0.00187368 3.78729e-05 4.72798e-05 -4.4941e-05 
-0.00116407 -6.69372e-05 5.46327e-05 -3.41851e-05 
-0.00187369 3.78601e-05 4.72873e-05 -4.49188e-05 
-0.000750981 -8.79561e-05 3.87195e-05 -1.72565e-05 
-0.00116407 -6.69339e-05 5.4621e-05 -3.41771e-05 
-0.0709367 0.00043066 -0.000111355 4.42386e-05 
-0.0720125 0.000747565 -0.000240285 0.000116053 
-0.0695628 3.78729e-05 4.72798e-05 -4.4941e-05 
-0.0700954 0.000123335 3.90032e-05 -5.22107e-05 
-0.0695628 3.78601e-05 4.72873e-05 -4.49188e-05 
-0.0700954 0.00012332 3.90134e-05 -5.21809e-05 
-0.0688532 -6.69339e-05 5.4621e-05 -3.41771e-05 
-0.069152 -4.76888e-05 6.511e-05 -4.65718e-05 
-0.113847 0.000747565 -0.000240285 0.000116053 
-0.113847 0.00074758 -0.000240301 0.00011607 
-0.11193 0.000123335 3.90032e-05 -5.22107e-05 
-0.11193 0.000123332 3.90079e-05 -5.22126e-05 
-0.11193 0.00012332 3.90134e-05 -5.21809e-05 
-0.11193 0.000123313 3.90214e-05 -5.21886e-05 
-0.110986 -4.76888e-05 6.511e-05 -4.65718e-05 
-0.110986 -4.76885e-05 6.51104e-05 -4.65712e-05 
-0.113847 0.00074758 -0.000240301 0.00011607 
-0.112771 0.000430672 -0.000111365 4.42522e-05 
-0.11193 0.000123332 3.90079e-05 -5.22126e-05 
-0.111397 3.78818e-05 4.72732e-05 -4.49315e-05 
-0.11193 0.000123313 3.90214e-05 -5.21886e-05 
-0.111397 3.78624e-05 4.7285e-05 -4.4918e-05 
-0.110986 -4.76885e-05 6.51104e-05 -4.65712e-05 
-0.110687 -6.69345e-05 5.4625e-05 -3.41786e-05 
-0.0709367 0.000430672 -0.000111365 4.42522e-05 
-0.0695628 3.78909e-05 4.72632e-05 -4.49378e-05 
-0.0695628 3.78818e-05 4.72732e-05 -4.49315e-05 
-0.0688532 -6.69147e-05 5.46179e-05 -3.4192e-05 
-0.0695628 3.78624e-05 4.7285e-05 -4.4918e-05 
-0.0688532 -6.69302e-05 5.46235e-05 -3.41817e-05 
-0.0688532 -6.69345e-05 5.4625e-05 -3.41786e-05 
-0.0684401 -8.79681e-05 3.87394e-05 -1.72793e-05 
