-1 -1 -1 0.00299319 -0.00217011 -0.000264561 
-0.6 -1 -1 0.00291321 -0.00119959 0.00148972 
-0.2 -1 -1 1.3725e-08 -0.000563517 0.002513 
0.2 -1 -1 -0.00291318 -0.000563516 0.00251301 
0.6 -1 -1 -0.00299318 -0.00119958 0.00148975 
-1 -0.6 -1 0.00396371 -0.00610986 -0.000534105 
-0.6 -0.6 -1 0.00354928 -0.00342975 0.00451159 
-0.2 -0.6 -1 1.41515e-08 -0.00148466 0.0044949 
0.2 -0.6 -1 -0.00354925 -0.00148467 0.0044949 
0.6 -0.6 -1 -0.00396368 -0.00342982 0.0045116 
-1 -0.2 -1 0.00664382 3.25025e-09 -0.00295389 
-0.6 -0.2 -1 0.00549438 6.32275e-09 0.00456837 
-0.2 -0.2 -1 4.45075e-09 1.08485e-08 0.00521821 
0.2 -0.2 -1 -0.0054944 1.1751e-08 0.0052182 
0.6 -0.2 -1 -0.00664379 3.24855e-08 0.00456841 
-1 0.2 -1 0.00664382 0.00610994 -0.00295389 
-0.6 0.2 -1 0.00549438 0.00342981 0.00456837 
-0.2 0.2 -1 5.35325e-09 0.00148468 0.00521823 
0.2 0.2 -1 -0.00549438 0.00148466 0.0052182 
0.6 0.2 -1 -0.00664381 0.00342971 0.00456833 
-1 0.6 -1 0.00396369 0.00217015 -0.000534117 
-0.6 0.6 -1 0.00354926 0.00119964 0.00451158 
-0.2 0.6 -1 -2.11205e-08 0.000563534 0.00449489 
0.2 0.6 -1 -0.00354933 0.000563496 0.00449489 
0.6 0.6 -1 -0.00396374 0.00119954 0.00451162 
-1 -1 -0.6 0.00474748 -0.00243965 0.00227519 
-0.6 -1 -0.6 0.00393649 0.00182228 0.00786809 
-0.2 -1 -0.6 2.27728e-08 0.00141838 0.0117664 
0.2 -1 -0.6 -0.00393644 0.00141838 0.0117664 
0.6 -1 -0.6 -0.00474743 0.00182227 0.00786801 
-1 -0.6 -0.6 0.00900941 -0.00852965 0.000600802 
-0.6 -0.6 -0.6 0.00353259 -0.00337298 0.0206187 
-0.2 -0.6 -0.6 1.9949e-08 -0.000761342 0.0236283 
0.2 -0.6 -0.6 -0.00353255 -0.000761368 0.0236283 
0.6 -0.6 -0.6 -0.00900936 -0.00337302 0.0206187 
-1 -0.2 -0.6 0.0141661 3.31375e-09 -0.00561903 
-0.6 -0.2 -0.6 0.00614422 1.3725e-09 0.0122241 
-0.2 -0.2 -0.6 -5.894e-09 2.68135e-08 0.020602 
0.2 -0.2 -0.6 -0.0061442 6.89075e-09 0.020602 
0.6 -0.2 -0.6 -0.0141661 -4.28553e-08 0.012224 
-1 0.2 -0.6 0.0141661 0.00852972 -0.00561902 
-0.6 0.2 -0.6 0.00614425 0.00337302 0.0122241 
-0.2 0.2 -0.6 -2.58168e-08 0.000761344 0.020602 
0.2 0.2 -0.6 -0.00614425 0.000761349 0.020602 
0.6 0.2 -0.6 -0.0141661 0.003373 0.0122241 
-1 0.6 -0.6 0.00900939 0.00243976 0.000600796 
-0.6 0.6 -0.6 0.00353257 -0.00182222 0.0206187 
-0.2 0.6 -0.6 -2.10732e-08 -0.00141836 0.0236283 
0.2 0.6 -0.6 -0.0035326 -0.0014184 0.0236283 
0.6 0.6 -0.6 -0.00900939 -0.00182234 0.0206187 
-1 -1 -0.2 0.0103404 -0.00411404 3.80072e-08 
-0.6 -1 -0.2 0.00783483 0.0145729 -4.575e-11 
-0.2 -1 -0.2 7.3375e-10 0.0132803 3.9435e-09 
0.2 -1 -0.2 -0.00783485 0.0132802 -1.35415e-08 
0.6 -1 -0.2 -0.0103403 0.0145729 -1.5399e-08 
-1 -0.6 -0.2 0.0290273 -0.0147495 2.25812e-08 
-0.6 -0.6 -0.2 0.00654218 -0.0117676 2.63605e-08 
-0.2 -0.6 -0.2 -2.3074e-08 -0.00378768 2.32845e-08 
0.2 -0.6 -0.2 -0.00654217 -0.00378767 2.26592e-08 
0.6 -0.6 -0.2 -0.0290273 -0.0117677 1.42415e-08 
-1 -0.2 -0.2 0.0320092 1.5951e-08 -2.31028e-08 
-0.6 -0.2 -0.2 0.0145221 4.22267e-08 4.54525e-09 
-0.2 -0.2 -0.2 -1.09343e-08 3.9441e-08 1.35547e-08 
0.2 -0.2 -0.2 -0.0145222 1.0753e-08 1.8587e-08 
0.6 -0.2 -0.2 -0.0320092 3.37702e-08 1.94625e-08 
-1 0.2 -0.2 0.0320092 0.0147495 -3.31683e-08 
-0.6 0.2 -0.2 0.0145221 0.0117676 -2.7591e-08 
-0.2 0.2 -0.2 -3.96222e-08 0.00378762 -2.8275e-08 
0.2 0.2 -0.2 -0.0145222 0.00378763 3.237e-09 
0.6 0.2 -0.2 -0.0320092 0.0117676 2.4358e-08 
-1 0.6 -0.2 0.0290273 0.00411404 -2.91945e-08 
-0.6 0.6 -0.2 0.00654213 -0.0145729 3.01e-09 
-0.2 0.6 -0.2 -3.311e-08 -0.0132802 2.86783e-08 
0.2 0.6 -0.2 -0.0065422 -0.0132802 4.62398e-08 
0.6 0.6 -0.2 -0.0290273 -0.0145729 4.79158e-08 
-1 -1 0.2 0.0103403 -0.00411406 -0.00227515 
-0.6 -1 0.2 0.00783483 0.0145729 -0.00786806 
-0.2 -1 0.2 -1.67513e-08 0.0132803 -0.0117664 
0.2 -1 0.2 -0.00783485 0.0132803 -0.0117664 
0.6 -1 0.2 -0.0103404 0.014573 -0.00786807 
-1 -0.6 0.2 0.0290273 -0.0147495 -0.000600772 
-0.6 -0.6 0.2 0.00654218 -0.0117677 -0.0206187 
-0.2 -0.6 0.2 -2.36993e-08 -0.00378769 -0.0236283 
0.2 -0.6 0.2 -0.00654218 -0.00378767 -0.0236283 
0.6 -0.6 0.2 -0.0290273 -0.0117677 -0.0206187 
-1 -0.2 0.2 0.0320092 5.8855e-09 0.00561908 
-0.6 -0.2 0.2 0.0145222 1.00905e-08 -0.012224 
-0.2 -0.2 0.2 -5.902e-09 -2.38875e-09 -0.020602 
0.2 -0.2 0.2 -0.0145222 -4.597e-09 -0.020602 
0.6 -0.2 0.2 -0.0320092 3.86658e-08 -0.0122241 
-1 0.2 0.2 0.0320092 0.0147495 0.00561906 
-0.6 0.2 0.2 0.0145221 0.0117677 -0.0122241 
-0.2 0.2 0.2 -8.11025e-09 0.00378768 -0.020602 
0.2 0.2 0.2 -0.0145221 0.00378767 -0.020602 
0.6 0.2 0.2 -0.0320092 0.0117676 -0.0122241 
-1 0.6 0.2 0.0290273 0.00411404 -0.000600781 
-0.6 0.6 0.2 0.00654215 -0.0145729 -0.0206187 
-0.2 0.6 0.2 -1.55485e-08 -0.0132803 -0.0236283 
0.2 0.6 0.2 -0.0065422 -0.0132803 -0.0236283 
0.6 0.6 0.2 -0.0290273 -0.0145729 -0.0206187 
-1 -1 0.6 0.00474743 -0.00243968 0.000264528 
-0.6 -1 0.6 0.00393647 0.00182228 -0.00148972 
-0.2 -1 0.6 -2.10622e-08 0.00141837 -0.00251301 
0.2 -1 0.6 -0.0039365 0.00141838 -0.002513 
0.6 -1 0.6 -0.00474745 0.00182228 -0.00148974 
-1 -0.6 0.6 0.00900939 -0.00852968 0.000534099 
-0.6 -0.6 0.6 0.00353257 -0.00337299 -0.00451157 
-0.2 -0.6 0.6 -1.16975e-08 -0.000761312 -0.00449488 
0.2 -0.6 0.6 -0.00353259 -0.000761308 -0.00449488 
0.6 -0.6 0.6 -0.0090094 -0.00337298 -0.0045116 
-1 -0.2 0.6 0.0141661 -5.664e-09 0.00295392 
-0.6 -0.2 0.6 0.00614425 7.1855e-09 -0.00456833 
-0.2 -0.2 0.6 -8.4955e-09 -7.8325e-09 -0.00521822 
0.2 -0.2 0.6 -0.00614427 -2.1215e-09 -0.00521823 
0.6 -0.2 0.6 -0.0141661 -3.12975e-09 -0.00456837 
-1 0.2 0.6 0.0141661 0.00852969 0.00295394 
-0.6 0.2 0.6 0.00614423 0.00337298 -0.00456834 
-0.2 0.2 0.6 -2.7845e-09 0.000761309 -0.0052182 
0.2 0.2 0.6 -0.00614427 0.000761292 -0.00521822 
0.6 0.2 0.6 -0.0141661 0.00337297 -0.00456837 
-1 0.6 0.6 0.00900938 0.00243967 0.000534139 
-0.6 0.6 0.6 0.00353256 -0.00182227 -0.00451155 
-0.2 0.6 0.6 -1.96205e-08 -0.00141838 -0.00449486 
0.2 0.6 0.6 -0.00353259 -0.00141837 -0.00449487 
0.6 0.6 0.6 -0.0090094 -0.00182227 -0.0045116 
