-1 -1 -1 0.00282205 0.0028218 0.00282145 
-0.6 -1 -1 0.00209752 0.00646915 0.00646902 
-0.2 -1 -1 7.5e-07 0.00935873 0.00935875 
0.2 -1 -1 -0.00210048 0.00935773 0.00935757 
0.6 -1 -1 -0.00281897 0.00647012 0.00646977 
-1 -0.6 -1 0.0064694 0.00209822 0.00646938 
-0.6 -0.6 -1 0.0049871 0.00498675 0.526407 
-0.2 -0.6 -1 -2.5e-07 0.0073405 0.850065 
0.2 -0.6 -1 -0.00498808 0.00734225 0.850066 
0.6 -0.6 -1 -0.00646932 0.0049884 0.526411 
-1 -0.2 -1 0.00935792 6.5e-07 0.00935832 
-0.6 -0.2 -1 0.00734085 2e-07 0.850066 
-0.2 -0.2 -1 1.5e-06 1.5e-06 1.37339 
0.2 -0.2 -1 -0.00734192 -5e-07 1.37339 
0.6 -0.2 -1 -0.0093578 -2.25e-07 0.850065 
-1 0.2 -1 0.00935748 -0.0021006 0.0093569 
-0.6 0.2 -1 0.00734215 -0.00498865 0.850065 
-0.2 0.2 -1 -5e-07 -0.007342 1.37339 
0.2 0.2 -1 -0.00734165 -0.00734178 1.37339 
0.6 0.2 -1 -0.00935707 -0.0049876 0.850065 
-1 0.6 -1 0.00646943 -0.002819 0.00646963 
-0.6 0.6 -1 0.0049888 -0.00646868 0.526409 
-0.2 0.6 -1 -2.75e-07 -0.00935723 0.850065 
0.2 0.6 -1 -0.00498747 -0.00935693 0.850066 
0.6 0.6 -1 -0.00647017 -0.0064701 0.526411 
-1 -1 -0.6 0.00646962 0.00646973 0.00209905 
-0.6 -1 -0.6 0.00498725 0.526407 0.00498705 
-0.2 -1 -0.6 -4.25e-07 0.850065 0.00734048 
0.2 -1 -0.6 -0.00498828 0.850066 0.00734215 
0.6 -1 -0.6 -0.00646917 0.526411 0.00498822 
-1 -0.6 -0.6 0.526407 0.00498717 0.00498697 
-0.6 -0.6 -0.6 0.328645 0.328645 0.328645 
-0.2 -0.6 -0.6 0 0.530662 0.530662 
0.2 -0.6 -0.6 -0.328642 0.530662 0.530662 
0.6 -0.6 -0.6 -0.526412 0.328642 0.328642 
-1 -0.2 -0.6 0.850065 -7.75e-07 0.0073407 
-0.6 -0.2 -0.6 0.530662 0 0.530662 
-0.2 -0.2 -0.6 0 0 0.85729 
0.2 -0.2 -0.6 -0.530662 0 0.85729 
0.6 -0.2 -0.6 -0.850066 0 0.530662 
-1 0.2 -0.6 0.850066 -0.00498787 0.00734272 
-0.6 0.2 -0.6 0.530662 -0.328645 0.530662 
-0.2 0.2 -0.6 0 -0.530662 0.857293 
0.2 0.2 -0.6 -0.530662 -0.530662 0.857293 
0.6 0.2 -0.6 -0.850066 -0.328642 0.530662 
-1 0.6 -0.6 0.526409 -0.00646948 0.00498797 
-0.6 0.6 -0.6 0.328645 -0.52641 0.328645 
-0.2 0.6 -0.6 0 -0.850066 0.530662 
0.2 0.6 -0.6 -0.328642 -0.850067 0.530662 
0.6 0.6 -0.6 -0.526411 -0.526411 0.328642 
-1 -1 -0.2 0.00935762 0.00935765 0 
-0.6 -1 -0.2 0.00734068 0.850065 -2.5e-07 
-0.2 -1 -0.2 1.25e-06 1.37339 1.5e-06 
0.2 -1 -0.2 -0.0073422 1.37339 -2.5e-07 
0.6 -1 -0.2 -0.00935735 0.850066 0 
-1 -0.6 -0.2 0.850065 0.0073409 -1.5e-07 
-0.6 -0.6 -0.2 0.530662 0.530662 0 
-0.2 -0.6 -0.2 0 0.85729 0 
0.2 -0.6 -0.2 -0.530662 0.85729 0 
0.6 -0.6 -0.2 -0.850067 0.530662 0 
-1 -0.2 -0.2 1.37339 1.25e-06 1.5e-06 
-0.6 -0.2 -0.2 0.85729 0 0 
-0.2 -0.2 -0.2 0 2.5e-06 2.5e-06 
0.2 -0.2 -0.2 -0.85729 2.5e-06 2.5e-06 
0.6 -0.2 -0.2 -1.37339 0 0 
-1 0.2 -0.2 1.37339 -0.00734262 -1e-06 
-0.6 0.2 -0.2 0.857293 -0.530662 0 
-0.2 0.2 -0.2 0 -0.857293 0 
0.2 0.2 -0.2 -0.857293 -0.857293 -2.5e-06 
0.6 0.2 -0.2 -1.37339 -0.530662 0 
-1 0.6 -0.2 0.850066 -0.009357 -1.25e-07 
-0.6 0.6 -0.2 0.530662 -0.850066 0 
-0.2 0.6 -0.2 0 -1.37339 0 
0.2 0.6 -0.2 -0.530662 -1.37339 0 
0.6 0.6 -0.2 -0.850065 -0.850065 2.5e-06 
-1 -1 0.2 0.00935737 0.0093575 -0.00210052 
-0.6 -1 0.2 0.00734242 0.850066 -0.0049881 
-0.2 -1 0.2 -5e-07 1.37339 -0.0073426 
0.2 -1 0.2 -0.00734195 1.37339 -0.0073424 
0.6 -1 0.2 -0.00935655 0.850066 -0.00498785 
-1 -0.6 0.2 0.850066 0.00734255 -0.00498862 
-0.6 -0.6 0.2 0.530662 0.530662 -0.328642 
-0.2 -0.6 0.2 0 0.857293 -0.530662 
0.2 -0.6 0.2 -0.530662 0.857293 -0.530662 
0.6 -0.6 0.2 -0.850067 0.530662 -0.328645 
-1 -0.2 0.2 1.37339 -1.25e-06 -0.00734293 
-0.6 -0.2 0.2 0.857293 0 -0.530662 
-0.2 -0.2 0.2 0 0 -0.857293 
0.2 -0.2 0.2 -0.857293 -2.5e-06 -0.857293 
0.6 -0.2 0.2 -1.37339 0 -0.530662 
-1 0.2 0.2 1.37339 -0.00734175 -0.00734192 
-0.6 0.2 0.2 0.857293 -0.530662 -0.530662 
-0.2 0.2 0.2 -2.5e-06 -0.857293 -0.857293 
0.2 0.2 0.2 -0.85729 -0.85729 -0.85729 
0.6 0.2 0.2 -1.37339 -0.53066 -0.530662 
-1 0.6 0.2 0.850066 -0.00935653 -0.0049879 
-0.6 0.6 0.2 0.530662 -0.850066 -0.328645 
-0.2 0.6 0.2 0 -1.37339 -0.530662 
0.2 0.6 0.2 -0.53066 -1.37339 -0.530662 
0.6 0.6 0.2 -0.850068 -0.850068 -0.328645 
-1 -1 0.6 0.0064698 0.0064694 -0.00281915 
-0.6 -1 0.6 0.00498793 0.526411 -0.00646925 
-0.2 -1 0.6 -3e-07 0.850066 -0.009357 
0.2 -1 0.6 -0.0049874 0.850066 -0.00935645 
0.6 -1 0.6 -0.00646955 0.526409 -0.006469 
-1 -0.6 0.6 0.526412 0.00498825 -0.00646873 
-0.6 -0.6 0.6 0.328642 0.328642 -0.526412 
-0.2 -0.6 0.6 0 0.530662 -0.850066 
0.2 -0.6 0.6 -0.328645 0.530662 -0.850066 
0.6 -0.6 0.6 -0.52641 0.328645 -0.526409 
-1 -0.2 0.6 0.850066 -2.5e-07 -0.0093574 
-0.6 -0.2 0.6 0.530662 0 -0.850066 
-0.2 -0.2 0.6 0 0 -1.37339 
0.2 -0.2 0.6 -0.530662 0 -1.37339 
0.6 -0.2 0.6 -0.850066 0 -0.850066 
-1 0.2 0.6 0.850066 -0.00498773 -0.0093568 
-0.6 0.2 0.6 0.530662 -0.328645 -0.850066 
-0.2 0.2 0.6 0 -0.530662 -1.37339 
0.2 0.2 0.6 -0.530662 -0.530662 -1.37339 
0.6 0.2 0.6 -0.850066 -0.328642 -0.850066 
-1 0.6 0.6 0.526409 -0.00646907 -0.00646882 
-0.6 0.6 0.6 0.328645 -0.526409 -0.526409 
-0.2 0.6 0.6 0 -0.850066 -0.850066 
0.2 0.6 0.6 -0.328642 -0.850066 -0.850066 
0.6 0.6 0.6 -0.526411 -0.526412 -0.526412 
